DMY	HMS	LAT	LON	CONDUCTIVITY	SALINITY	OCEAN.TEMP	BULK.RED	STREAM.PRESSURE	FILTER.PRESSURE	MACHINE.TEMP	Xaccel	Yaccel	Zaccel	MILLISECOND.TIMER	LASER.POWER	EVENT.RATE	FLOW.METER	POSITION	CHL	TRANS	PAR	ACQ.ERROR	EVT.RATE	time	day	file
170914	184527	NA	NA	NA	NA	NA	5.2432	-3.67	NA	NA	0	0	0	88390893	0	-1	0	NA	NA	NA	NA	99.24	NA	2014-09-17 18:45:27	2014_260	1
170914	210243	NA	NA	NA	NA	NA	5.3167	12.09	NA	NA	0	0	0	96626773	0	-1	0	NA	NA	NA	NA	1	NA	2014-09-17 21:02:43	2014_260	2
170914	210320	NA	NA	NA	NA	NA	5.2802	2.85	NA	NA	0	0	0	96664264	0	-1	0	NA	NA	NA	NA	1	NA	2014-09-17 21:03:20	2014_260	3
170914	210331	NA	NA	NA	NA	NA	5.2561	2.17	NA	NA	0	0	0	96674906	0	-1	0	NA	NA	NA	NA	1	NA	2014-09-17 21:03:31	2014_260	4
170914	210631	NA	NA	NA	NA	NA	5.2599	11.16	NA	NA	0	0	0	96855094	0	-1	0	NA	NA	NA	NA	1	NA	2014-09-17 21:06:31	2014_260	5
170914	210931	NA	NA	NA	NA	NA	5.2659	12.79	NA	NA	0	0	0	97035487	0	-1	0	NA	NA	NA	NA	1	NA	2014-09-17 21:09:31	2014_260	6
170914	211232	NA	NA	NA	NA	NA	5.2274	12.81	NA	NA	0	0	0	97215763	0	-1	0	NA	NA	NA	NA	1	NA	2014-09-17 21:12:32	2014_260	7
170914	211532	NA	NA	NA	NA	NA	109.5229	7.29	NA	NA	0	0	0	97395928	319	-1	0	NA	NA	NA	NA	1	NA	2014-09-17 21:15:32	2014_260	8
170914	211832	NA	NA	NA	NA	NA	111.681	13.74	NA	NA	0	0	0	97576164	319	-1	0	NA	NA	NA	NA	1	NA	2014-09-17 21:18:32	2014_260	9
170914	212132	NA	NA	NA	NA	NA	117.4427	13.5	NA	NA	0	0	0	97756194	319	-1	0	NA	NA	NA	NA	1	NA	2014-09-17 21:21:32	2014_260	10
170914	212433	NA	NA	NA	NA	NA	118.6358	13.38	NA	NA	0	0	0	97936562	319	-1	0	NA	NA	NA	NA	1	NA	2014-09-17 21:24:33	2014_260	11
170914	212733	NA	NA	NA	NA	NA	112.5399	13.26	NA	NA	0	0	0	98116850	319	-1	0	NA	NA	NA	NA	1	NA	2014-09-17 21:27:33	2014_260	12
170914	213020	NA	NA	NA	NA	NA	8.7454	13.28	NA	NA	0	0	0	98284396	319	-1	0	NA	NA	NA	NA	1	NA	2014-09-17 21:30:20	2014_260	13
170914	213331	NA	NA	NA	NA	NA	25.7247	12.39	NA	NA	0	0	0	98475142	319	-1	0	NA	NA	NA	NA	1	NA	2014-09-17 21:33:31	2014_260	14
170914	213337	NA	NA	NA	NA	NA	9.1826	11.67	NA	NA	0	0	0	98481223	319	-1	0	NA	NA	NA	NA	1	NA	2014-09-17 21:33:37	2014_260	15
170914	213342	NA	NA	NA	NA	NA	33.153	11.23	NA	NA	0	0	0	98486391	319	-1	0	NA	NA	NA	NA	1	NA	2014-09-17 21:33:42	2014_260	16
170914	213345	NA	NA	NA	NA	NA	9.9781	11.64	NA	NA	0	0	0	98489426	319	-1	0	NA	NA	NA	NA	1	NA	2014-09-17 21:33:45	2014_260	17
170914	213440	NA	NA	NA	NA	NA	8.5437	8.58	NA	NA	0	0	0	98544357	319	-1	0	NA	NA	NA	NA	1	NA	2014-09-17 21:34:40	2014_260	18
170914	213525	NA	NA	NA	NA	NA	8.4555	7.65	NA	NA	0	0	0	98589347	319	-1	0	NA	NA	NA	NA	1	NA	2014-09-17 21:35:25	2014_260	19
170914	213825	NA	NA	NA	NA	NA	104.577	11.57	NA	NA	0	0	0	98769344	319	-1	0	NA	NA	NA	NA	1	NA	2014-09-17 21:38:25	2014_260	20
170914	214126	NA	NA	NA	NA	NA	95.928	11.99	NA	NA	0	0	0	98949733	319	-1	0	NA	NA	NA	NA	1	NA	2014-09-17 21:41:26	2014_260	21
170914	214426	NA	NA	NA	NA	NA	115.3311	11.99	NA	NA	0	0	0	99129852	319	-1	0	NA	NA	NA	NA	1	NA	2014-09-17 21:44:26	2014_260	22
170914	222324	NA	NA	NA	NA	NA	48.3047	10.49	NA	NA	0	0	0	101468204	319	-1	0	NA	NA	NA	NA	1	NA	2014-09-17 22:23:24	2014_260	507
170914	222624	NA	NA	NA	NA	NA	122.1036	11.65	NA	NA	0	0	0	101648437	319	-1	0	NA	NA	NA	NA	1	NA	2014-09-17 22:26:24	2014_260	508
170914	222925	NA	NA	NA	NA	NA	118.7641	11.99	NA	NA	0	0	0	101828683	319	-1	0	NA	NA	NA	NA	1	NA	2014-09-17 22:29:25	2014_260	509
170914	223225	NA	NA	NA	NA	NA	162.7695	12	NA	NA	0	0	0	102008872	319	-1	0	NA	NA	NA	NA	1	NA	2014-09-17 22:32:25	2014_260	5010
170914	231924	NA	NA	NA	NA	NA	6.8938	6.43	NA	NA	0	0	0	104828273	319	-1	0	NA	NA	NA	NA	1	NA	2014-09-17 23:19:24	2014_260	5011
170914	232224	NA	NA	NA	NA	NA	112.5645	11.28	NA	NA	0	0	0	105008400	319	-1	0	NA	NA	NA	NA	1	NA	2014-09-17 23:22:24	2014_260	5012
170914	232524	NA	NA	NA	NA	NA	116.4513	12	NA	NA	0	0	0	105188521	319	-1	0	NA	NA	NA	NA	1	NA	2014-09-17 23:25:24	2014_260	5013
170914	232825	NA	NA	NA	NA	NA	113.7662	11.98	NA	NA	0	0	0	105368770	319	-1	0	NA	NA	NA	NA	1	NA	2014-09-17 23:28:25	2014_260	5014
170914	233125	NA	NA	NA	NA	NA	112.9562	12	NA	NA	0	0	0	105548971	319	-1	0	NA	NA	NA	NA	1	NA	2014-09-17 23:31:25	2014_260	5015
170914	233425	NA	NA	NA	NA	NA	116.2458	11.99	NA	NA	0	0	0	105729192	319	-1	0	NA	NA	NA	NA	1	NA	2014-09-17 23:34:25	2014_260	5016
180914	1924	NA	NA	NA	NA	NA	7.0982	6.18	NA	NA	0	0	0	108428431	319	-1	0	NA	NA	NA	NA	1	NA	2014-09-18 00:19:24	2014_261	0
180914	2224	NA	NA	NA	NA	NA	116.9441	11.27	NA	NA	0	0	0	108608451	319	-1	0	NA	NA	NA	NA	1	NA	2014-09-18 00:22:24	2014_261	1
180914	151132	NA	NA	NA	NA	NA	6.068	0.47	NA	NA	0	0	0	161956273	190	-1	0	NA	NA	NA	NA	1	NA	2014-09-18 15:11:32	2014_261	4
180914	151627	NA	NA	NA	NA	NA	116.2759	6.05	NA	NA	0	0	0	162250655	319	-1	0	NA	NA	NA	NA	1	NA	2014-09-18 15:16:27	2014_261	5
180914	151651	NA	NA	NA	NA	NA	116.0565	11.99	NA	NA	0	0	0	162275001	319	-1	0	NA	NA	NA	NA	1	NA	2014-09-18 15:16:51	2014_261	6
180914	151951	NA	NA	NA	NA	NA	110.4083	11.99	NA	NA	0	0	0	162455177	319	-1	0	NA	NA	NA	NA	1	NA	2014-09-18 15:19:51	2014_261	7
180914	152251	NA	NA	NA	NA	NA	112.9472	11.98	NA	NA	0	0	0	162635413	319	-1	0	NA	NA	NA	NA	1	NA	2014-09-18 15:22:51	2014_261	8
180914	152552	NA	NA	NA	NA	NA	111.2529	11.97	NA	NA	0	0	0	162815589	319	-1	0	NA	NA	NA	NA	1	NA	2014-09-18 15:25:52	2014_261	9
180914	152852	NA	NA	NA	NA	NA	117.8975	11.99	NA	NA	0	0	0	162995955	319	-1	0	NA	NA	NA	NA	1	NA	2014-09-18 15:28:52	2014_261	10
180914	153152	NA	NA	NA	NA	NA	125.9451	11.99	NA	NA	0	0	0	163176004	319	-1	0	NA	NA	NA	NA	1	NA	2014-09-18 15:31:52	2014_261	11
180914	161651	NA	NA	NA	NA	NA	7.1417	6.18	NA	NA	0	0	0	165875076	319	-1	0	NA	NA	NA	NA	1	NA	2014-09-18 16:16:51	2014_261	12
180914	161951	NA	NA	NA	NA	NA	126.8453	11.25	NA	NA	0	0	0	166055236	319	-1	0	NA	NA	NA	NA	1	NA	2014-09-18 16:19:51	2014_261	13
180914	162251	NA	NA	NA	NA	NA	123.5174	11.98	NA	NA	0	0	0	166235332	319	-1	0	NA	NA	NA	NA	1	NA	2014-09-18 16:22:51	2014_261	14
180914	162552	NA	NA	NA	NA	NA	125.2159	11.98	NA	NA	0	0	0	166415703	319	-1	0	NA	NA	NA	NA	1	NA	2014-09-18 16:25:52	2014_261	15
180914	162852	NA	NA	NA	NA	NA	127.278	11.98	NA	NA	0	0	0	166595742	319	-1	0	NA	NA	NA	NA	1	NA	2014-09-18 16:28:52	2014_261	16
180914	163152	NA	NA	NA	NA	NA	122.5477	11.96	NA	NA	0	0	0	166775975	319	-1	0	NA	NA	NA	NA	1	NA	2014-09-18 16:31:52	2014_261	17
180914	171651	NA	NA	NA	NA	NA	6.9855	6.19	NA	NA	0	0	0	169475102	319	-1	0	NA	NA	NA	NA	1	NA	2014-09-18 17:16:51	2014_261	18
180914	171951	NA	NA	NA	NA	NA	121.9756	11.13	NA	NA	0	0	0	169655328	319	-1	0	NA	NA	NA	NA	1	NA	2014-09-18 17:19:51	2014_261	19
180914	172252	NA	NA	NA	NA	NA	112.1403	11.95	NA	NA	0	0	0	169835632	319	-1	0	NA	NA	NA	NA	1	NA	2014-09-18 17:22:52	2014_261	20
180914	172552	NA	NA	NA	NA	NA	115.2052	11.99	NA	NA	0	0	0	170015641	319	-1	0	NA	NA	NA	NA	1	NA	2014-09-18 17:25:52	2014_261	21
180914	172852	NA	NA	NA	NA	NA	128.0277	11.99	NA	NA	0	0	0	170195889	319	-1	0	NA	NA	NA	NA	1	NA	2014-09-18 17:28:52	2014_261	22
180914	173152	NA	NA	NA	NA	NA	108.7881	11.97	NA	NA	0	0	0	170376167	319	-1	0	NA	NA	NA	NA	1	NA	2014-09-18 17:31:52	2014_261	23
180914	181651	NA	NA	NA	NA	NA	7.1776	6.18	NA	NA	0	0	0	173075093	319	-1	0	NA	NA	NA	NA	1	NA	2014-09-18 18:16:51	2014_261	24
180914	181951	NA	NA	NA	NA	NA	122.8602	11.28	NA	NA	0	0	0	173255337	319	-1	0	NA	NA	NA	NA	1	NA	2014-09-18 18:19:51	2014_261	25
180914	182252	NA	NA	NA	NA	NA	124.1448	11.98	NA	NA	0	0	0	173435579	319	-1	0	NA	NA	NA	NA	1	NA	2014-09-18 18:22:52	2014_261	26
180914	182552	NA	NA	NA	NA	NA	118.5549	11.97	NA	NA	0	0	0	173615699	319	-1	0	NA	NA	NA	NA	1	NA	2014-09-18 18:25:52	2014_261	27
180914	182852	NA	NA	NA	NA	NA	130.5934	11.97	NA	NA	0	0	0	173795975	319	-1	0	NA	NA	NA	NA	1	NA	2014-09-18 18:28:52	2014_261	28
180914	183152	NA	NA	NA	NA	NA	123.3718	11.97	NA	NA	0	0	0	173976217	319	-1	0	NA	NA	NA	NA	1	NA	2014-09-18 18:31:52	2014_261	29
180914	191651	NA	NA	NA	NA	NA	7.4405	6.19	NA	NA	0	0	0	176675203	319	-1	0	NA	NA	NA	NA	1	NA	2014-09-18 19:16:51	2014_261	30
180914	191951	NA	NA	NA	NA	NA	127.2582	11.07	NA	NA	0	0	0	176855242	319	-1	0	NA	NA	NA	NA	1	NA	2014-09-18 19:19:51	2014_261	31
180914	192252	NA	NA	NA	NA	NA	113.4724	11.97	NA	NA	0	0	0	177035659	319	-1	0	NA	NA	NA	NA	1	NA	2014-09-18 19:22:52	2014_261	32
180914	192552	NA	NA	NA	NA	NA	129.8905	11.98	NA	NA	0	0	0	177215851	319	-1	0	NA	NA	NA	NA	1	NA	2014-09-18 19:25:52	2014_261	33
180914	192852	NA	NA	NA	NA	NA	124.8099	11.96	NA	NA	0	0	0	177396037	319	-1	0	NA	NA	NA	NA	1	NA	2014-09-18 19:28:52	2014_261	34
180914	193152	NA	NA	NA	NA	NA	120.9465	11.97	NA	NA	0	0	0	177576363	319	-1	0	NA	NA	NA	NA	1	NA	2014-09-18 19:31:52	2014_261	35
180914	204341	NA	NA	NA	NA	NA	40.3475	5.97	NA	NA	0	0	0	181884889	319	-1	0	NA	NA	NA	NA	1	NA	2014-09-18 20:43:41	2014_261	502
180914	204429	NA	NA	NA	NA	NA	36.7583	5.92	NA	NA	0	0	0	181932636	319	-1	0	NA	NA	NA	NA	1	NA	2014-09-18 20:44:29	2014_261	503
180914	204728	NA	NA	NA	NA	NA	275.4086	11.44	NA	NA	0	0	0	182112534	319	-1	0	NA	NA	NA	NA	1	NA	2014-09-18 20:47:28	2014_261	504
180914	205029	NA	NA	NA	NA	NA	249.5106	11.97	NA	NA	0	0	0	182292741	319	-1	0	NA	NA	NA	NA	1	NA	2014-09-18 20:50:29	2014_261	505
180914	205329	NA	NA	NA	NA	NA	259.2013	11.98	NA	NA	0	0	0	182473238	319	-1	0	NA	NA	NA	NA	1	NA	2014-09-18 20:53:29	2014_261	506
180914	205629	NA	NA	NA	NA	NA	270.5755	11.96	NA	NA	0	0	0	182653369	319	-1	0	NA	NA	NA	NA	1	NA	2014-09-18 20:56:29	2014_261	507
180914	205930	NA	NA	NA	NA	NA	369.0871	11.96	NA	NA	0	0	0	182833594	319	-1	0	NA	NA	NA	NA	1	NA	2014-09-18 20:59:30	2014_261	508
180914	214429	NA	NA	NA	NA	NA	156.4459	6.19	NA	NA	0	0	0	185532681	319	-1	0	NA	NA	NA	NA	1	NA	2014-09-18 21:44:29	2014_261	509
220914	181905	NA	NA	NA	NA	NA	318.1736	7.17	NA	NA	0	0	0	2299470	319	-1	0	NA	NA	NA	NA	1	NA	2014-09-22 18:19:05	2014_265	2
220914	182206	NA	NA	NA	NA	NA	282.9337	11.9	NA	NA	0	0	0	2479879	319	-1	0	NA	NA	NA	NA	1	NA	2014-09-22 18:22:06	2014_265	3
220914	182506	NA	NA	NA	NA	NA	291.9601	11.9	NA	NA	0	0	0	2660082	319	-1	0	NA	NA	NA	NA	1	NA	2014-09-22 18:25:06	2014_265	4
220914	182806	NA	NA	NA	NA	NA	294.2773	11.91	NA	NA	0	0	0	2840252	319	-1	0	NA	NA	NA	NA	1	NA	2014-09-22 18:28:06	2014_265	5
220914	183106	NA	NA	NA	NA	NA	535.0929	12.67	NA	NA	0	0	0	3020491	319	-1	0	NA	NA	NA	NA	1	NA	2014-09-22 18:31:06	2014_265	6
220914	183442	NA	NA	NA	NA	NA	5.3447	6.97	NA	NA	0	0	0	3236486	0	-1	0	NA	NA	NA	NA	1	NA	2014-09-22 18:34:42	2014_265	7
220914	191843	NA	NA	NA	NA	NA	25.2228	5.97	NA	NA	0	0	0	5877463	319	-1	0	NA	NA	NA	NA	1	NA	2014-09-22 19:18:43	2014_265	8
220914	192143	NA	NA	NA	NA	NA	272.6488	11.37	NA	NA	0	0	0	6057508	319	-1	0	NA	NA	NA	NA	1	NA	2014-09-22 19:21:43	2014_265	9
220914	192444	NA	NA	NA	NA	NA	264.4547	11.9	NA	NA	0	0	0	6237894	319	-1	0	NA	NA	NA	NA	1	NA	2014-09-22 19:24:44	2014_265	10
220914	192744	NA	NA	NA	NA	NA	271.2123	11.9	NA	NA	0	0	0	6418173	319	-1	0	NA	NA	NA	NA	1	NA	2014-09-22 19:27:44	2014_265	11
220914	193044	NA	NA	NA	NA	NA	286.3824	11.89	NA	NA	0	0	0	6598303	319	-1	0	NA	NA	NA	NA	1	NA	2014-09-22 19:30:44	2014_265	12
220914	193344	NA	NA	NA	NA	NA	209.3011	11.9	NA	NA	0	0	0	6778557	319	-1	0	NA	NA	NA	NA	1	NA	2014-09-22 19:33:44	2014_265	13
220914	201843	NA	NA	NA	NA	NA	23.0915	6.15	NA	NA	0	0	0	9477508	319	-1	0	NA	NA	NA	NA	1	NA	2014-09-22 20:18:43	2014_265	14
220914	202144	NA	NA	NA	NA	NA	290.6865	11.32	NA	NA	0	0	0	9657666	319	-1	0	NA	NA	NA	NA	1	NA	2014-09-22 20:21:44	2014_265	15
220914	202444	NA	NA	NA	NA	NA	261.6726	11.89	NA	NA	0	0	0	9837829	319	-1	0	NA	NA	NA	NA	1	NA	2014-09-22 20:24:44	2014_265	16
220914	202744	NA	NA	NA	NA	NA	291.9607	11.9	NA	NA	0	0	0	10018073	319	-1	0	NA	NA	NA	NA	1	NA	2014-09-22 20:27:44	2014_265	17
220914	203044	NA	NA	NA	NA	NA	273.9085	11.9	NA	NA	0	0	0	10198256	319	-1	0	NA	NA	NA	NA	1	NA	2014-09-22 20:30:44	2014_265	18
220914	203345	NA	NA	NA	NA	NA	278.1485	11.9	NA	NA	0	0	0	10378575	319	-1	0	NA	NA	NA	NA	1	NA	2014-09-22 20:33:45	2014_265	19
220914	211844	NA	NA	NA	NA	NA	23.3888	6.14	NA	NA	0	0	0	13077587	319	-1	0	NA	NA	NA	NA	1	NA	2014-09-22 21:18:44	2014_265	20
220914	212144	NA	NA	NA	NA	NA	274.7584	11.33	NA	NA	0	0	0	13257800	319	-1	0	NA	NA	NA	NA	1	NA	2014-09-22 21:21:44	2014_265	21
220914	212444	NA	NA	NA	NA	NA	267.64	11.89	NA	NA	0	0	0	13437823	319	-1	0	NA	NA	NA	NA	1	NA	2014-09-22 21:24:44	2014_265	22
220914	212744	NA	NA	NA	NA	NA	280.33	11.89	NA	NA	0	0	0	13618021	319	-1	0	NA	NA	NA	NA	1	NA	2014-09-22 21:27:44	2014_265	23
220914	213044	NA	NA	NA	NA	NA	274.4381	11.9	NA	NA	0	0	0	13798458	319	-1	0	NA	NA	NA	NA	1	NA	2014-09-22 21:30:44	2014_265	24
220914	213344	NA	NA	NA	NA	NA	270.0932	11.91	NA	NA	0	0	0	13978525	319	-1	0	NA	NA	NA	NA	1	NA	2014-09-22 21:33:44	2014_265	25
220914	221844	NA	NA	NA	NA	NA	21.0701	6.14	NA	NA	0	0	0	16677837	319	-1	0	NA	NA	NA	NA	1	NA	2014-09-22 22:18:44	2014_265	26
220914	222144	NA	NA	NA	NA	NA	270.7556	11.29	NA	NA	0	0	0	16858166	319	-1	0	NA	NA	NA	NA	1	NA	2014-09-22 22:21:44	2014_265	27
220914	222444	NA	NA	NA	NA	NA	268.2744	11.91	NA	NA	0	0	0	17038222	319	-1	0	NA	NA	NA	NA	1	NA	2014-09-22 22:24:44	2014_265	28
220914	222744	NA	NA	NA	NA	NA	259.9679	11.89	NA	NA	0	0	0	17218530	319	-1	0	NA	NA	NA	NA	1	NA	2014-09-22 22:27:44	2014_265	29
220914	223045	NA	NA	NA	NA	NA	250.6941	11.9	NA	NA	0	0	0	17398758	319	-1	0	NA	NA	NA	NA	1	NA	2014-09-22 22:30:45	2014_265	30
220914	223345	NA	NA	NA	NA	NA	242.9267	11.89	NA	NA	0	0	0	17578961	319	-1	0	NA	NA	NA	NA	1	NA	2014-09-22 22:33:45	2014_265	31
220914	231844	NA	NA	NA	NA	NA	21.723	6.14	NA	NA	0	0	0	20277833	319	-1	0	NA	NA	NA	NA	1	NA	2014-09-22 23:18:44	2014_265	32
220914	232144	NA	NA	NA	NA	NA	264.7766	11.25	NA	NA	0	0	0	20458007	319	-1	0	NA	NA	NA	NA	1	NA	2014-09-22 23:21:44	2014_265	33
220914	232444	NA	NA	NA	NA	NA	274.8998	11.89	NA	NA	0	0	0	20638242	319	-1	0	NA	NA	NA	NA	1	NA	2014-09-22 23:24:44	2014_265	34
220914	232745	NA	NA	NA	NA	NA	270.8494	11.88	NA	NA	0	0	0	20818600	319	-1	0	NA	NA	NA	NA	1	NA	2014-09-22 23:27:45	2014_265	35
220914	233045	NA	NA	NA	NA	NA	277.5124	11.89	NA	NA	0	0	0	20998567	319	-1	0	NA	NA	NA	NA	1	NA	2014-09-22 23:30:45	2014_265	36
220914	233345	NA	NA	NA	NA	NA	269.5632	11.89	NA	NA	0	0	0	21178814	319	-1	0	NA	NA	NA	NA	1	NA	2014-09-22 23:33:45	2014_265	37
230914	1844	NA	NA	NA	NA	NA	23.1942	6.14	NA	NA	0	0	0	23877997	319	-1	0	NA	NA	NA	NA	1	NA	2014-09-23 00:18:44	2014_266	0
230914	2144	NA	NA	NA	NA	NA	276.1832	11.26	NA	NA	0	0	0	24058213	319	-1	0	NA	NA	NA	NA	1	NA	2014-09-23 00:21:44	2014_266	1
230914	2444	NA	NA	NA	NA	NA	259.6911	11.89	NA	NA	0	0	0	24238404	319	-1	0	NA	NA	NA	NA	1	NA	2014-09-23 00:24:44	2014_266	2
230914	2745	NA	NA	NA	NA	NA	287.9939	11.89	NA	NA	0	0	0	24418593	319	-1	0	NA	NA	NA	NA	1	NA	2014-09-23 00:27:45	2014_266	3
230914	3045	NA	NA	NA	NA	NA	286.8439	11.88	NA	NA	0	0	0	24598808	319	-1	0	NA	NA	NA	NA	1	NA	2014-09-23 00:30:45	2014_266	4
230914	3345	NA	NA	NA	NA	NA	276.9417	11.88	NA	NA	0	0	0	24778956	319	-1	0	NA	NA	NA	NA	1	NA	2014-09-23 00:33:45	2014_266	5
230914	11844	NA	NA	NA	NA	NA	23.5771	3.53	NA	NA	0	0	0	27478106	319	-1	0	NA	NA	NA	NA	1	NA	2014-09-23 01:18:44	2014_266	6
230914	12144	NA	NA	NA	NA	NA	276.7619	11.3	NA	NA	0	0	0	27658297	319	-1	0	NA	NA	NA	NA	1	NA	2014-09-23 01:21:44	2014_266	7
230914	12444	NA	NA	NA	NA	NA	299.0526	11.88	NA	NA	0	0	0	27838539	319	-1	0	NA	NA	NA	NA	1	NA	2014-09-23 01:24:44	2014_266	8
230914	12745	NA	NA	NA	NA	NA	258.2376	11.87	NA	NA	0	0	0	28018719	319	-1	0	NA	NA	NA	NA	1	NA	2014-09-23 01:27:45	2014_266	9
230914	13045	NA	NA	NA	NA	NA	273.7763	11.86	NA	NA	0	0	0	28198902	319	-1	0	NA	NA	NA	NA	1	NA	2014-09-23 01:30:45	2014_266	10
230914	13345	NA	NA	NA	NA	NA	283.0666	11.87	NA	NA	0	0	0	28379046	319	-1	0	NA	NA	NA	NA	1	NA	2014-09-23 01:33:45	2014_266	11
230914	21844	NA	NA	NA	NA	NA	22.5858	6.14	NA	NA	0	0	0	31078092	319	-1	0	NA	NA	NA	NA	1	NA	2014-09-23 02:18:44	2014_266	12
230914	22144	NA	NA	NA	NA	NA	296.9837	11.25	NA	NA	0	0	0	31258321	319	-1	0	NA	NA	NA	NA	1	NA	2014-09-23 02:21:44	2014_266	13
230914	22444	NA	NA	NA	NA	NA	276.4331	11.88	NA	NA	0	0	0	31438505	319	-1	0	NA	NA	NA	NA	1	NA	2014-09-23 02:24:44	2014_266	14
230914	22745	NA	NA	NA	NA	NA	287.169	11.89	NA	NA	0	0	0	31618697	319	-1	0	NA	NA	NA	NA	1	NA	2014-09-23 02:27:45	2014_266	15
230914	23045	NA	NA	NA	NA	NA	274.8049	11.88	NA	NA	0	0	0	31798933	319	-1	0	NA	NA	NA	NA	1	NA	2014-09-23 02:30:45	2014_266	16
230914	23345	NA	NA	NA	NA	NA	245.8647	11.87	NA	NA	0	0	0	31979260	319	-1	0	NA	NA	NA	NA	1	NA	2014-09-23 02:33:45	2014_266	17
230914	31844	NA	NA	NA	NA	NA	21.6605	6.13	NA	NA	0	0	0	34678282	319	-1	0	NA	NA	NA	NA	1	NA	2014-09-23 03:18:44	2014_266	18
230914	32144	NA	NA	NA	NA	NA	277.2827	11.26	NA	NA	0	0	0	34858429	319	-1	0	NA	NA	NA	NA	1	NA	2014-09-23 03:21:44	2014_266	19
230914	32445	NA	NA	NA	NA	NA	268.0466	11.87	NA	NA	0	0	0	35038622	319	-1	0	NA	NA	NA	NA	1	NA	2014-09-23 03:24:45	2014_266	20
230914	32745	NA	NA	NA	NA	NA	279.0818	11.87	NA	NA	0	0	0	35218832	319	-1	0	NA	NA	NA	NA	1	NA	2014-09-23 03:27:45	2014_266	21
230914	33045	NA	NA	NA	NA	NA	295.3396	11.88	NA	NA	0	0	0	35399195	319	-1	0	NA	NA	NA	NA	1	NA	2014-09-23 03:30:45	2014_266	22
230914	33345	NA	NA	NA	NA	NA	289.9626	11.87	NA	NA	0	0	0	35579469	319	-1	0	NA	NA	NA	NA	1	NA	2014-09-23 03:33:45	2014_266	23
230914	41844	NA	NA	NA	NA	NA	23.8932	6.13	NA	NA	0	0	0	38278332	319	-1	0	NA	NA	NA	NA	1	NA	2014-09-23 04:18:44	2014_266	24
230914	42144	NA	NA	NA	NA	NA	296.9307	11.22	NA	NA	0	0	0	38458505	319	-1	0	NA	NA	NA	NA	1	NA	2014-09-23 04:21:44	2014_266	25
230914	42445	NA	NA	NA	NA	NA	292.6964	11.87	NA	NA	0	0	0	38638629	319	-1	0	NA	NA	NA	NA	1	NA	2014-09-23 04:24:45	2014_266	26
230914	42745	NA	NA	NA	NA	NA	270.7715	11.86	NA	NA	0	0	0	38818820	319	-1	0	NA	NA	NA	NA	1	NA	2014-09-23 04:27:45	2014_266	27
230914	43045	NA	NA	NA	NA	NA	258.6136	11.87	NA	NA	0	0	0	38999142	319	-1	0	NA	NA	NA	NA	1	NA	2014-09-23 04:30:45	2014_266	28
230914	43345	NA	NA	NA	NA	NA	197.3098	11.87	NA	NA	0	0	0	39179273	319	-1	0	NA	NA	NA	NA	1	NA	2014-09-23 04:33:45	2014_266	29
230914	51845	NA	NA	NA	NA	NA	23.5804	6.12	NA	NA	0	0	0	41878582	319	-1	0	NA	NA	NA	NA	1	NA	2014-09-23 05:18:45	2014_266	30
230914	52145	NA	NA	NA	NA	NA	265.6557	11.25	NA	NA	0	0	0	42058735	319	-1	0	NA	NA	NA	NA	1	NA	2014-09-23 05:21:45	2014_266	31
230914	52445	NA	NA	NA	NA	NA	283.2595	11.85	NA	NA	0	0	0	42238921	319	-1	0	NA	NA	NA	NA	1	NA	2014-09-23 05:24:45	2014_266	32
230914	52745	NA	NA	NA	NA	NA	283.763	11.86	NA	NA	0	0	0	42419021	319	-1	0	NA	NA	NA	NA	1	NA	2014-09-23 05:27:45	2014_266	33
230914	53045	NA	NA	NA	NA	NA	287.636	11.84	NA	NA	0	0	0	42599259	319	-1	0	NA	NA	NA	NA	1	NA	2014-09-23 05:30:45	2014_266	34
230914	53345	NA	NA	NA	NA	NA	274.8832	11.84	NA	NA	0	0	0	42779498	319	-1	0	NA	NA	NA	NA	1	NA	2014-09-23 05:33:45	2014_266	35
230914	61845	NA	NA	NA	NA	NA	23.9767	6.12	NA	NA	0	0	0	45478632	319	-1	0	NA	NA	NA	NA	1	NA	2014-09-23 06:18:45	2014_266	36
230914	62145	NA	NA	NA	NA	NA	304.2567	11.25	NA	NA	0	0	0	45658890	319	-1	0	NA	NA	NA	NA	1	NA	2014-09-23 06:21:45	2014_266	37
230914	62445	NA	NA	NA	NA	NA	276.22	11.86	NA	NA	0	0	0	45839095	319	-1	0	NA	NA	NA	NA	1	NA	2014-09-23 06:24:45	2014_266	38
230914	62745	NA	NA	NA	NA	NA	298.6343	11.86	NA	NA	0	0	0	46019294	319	-1	0	NA	NA	NA	NA	1	NA	2014-09-23 06:27:45	2014_266	39
230914	63045	NA	NA	NA	NA	NA	286.4997	11.87	NA	NA	0	0	0	46199510	319	-1	0	NA	NA	NA	NA	1	NA	2014-09-23 06:30:45	2014_266	40
230914	63346	NA	NA	NA	NA	NA	256.8177	11.85	NA	NA	0	0	0	46379791	319	-1	0	NA	NA	NA	NA	1	NA	2014-09-23 06:33:46	2014_266	41
230914	65454	NA	NA	NA	NA	NA	98.5311	1.45	NA	NA	0	0	0	47647629	0	-1	0	NA	NA	NA	NA	1	NA	2014-09-23 06:54:54	2014_266	42
230914	73856	NA	NA	NA	NA	NA	22.9713	5.94	NA	NA	0	0	0	50289795	319	-1	0	NA	NA	NA	NA	1	NA	2014-09-23 07:38:56	2014_266	43
230914	82909	NA	NA	NA	NA	NA	5.3625	0.47	NA	NA	0	0	0	53303027	0	-1	0	NA	NA	NA	NA	1	NA	2014-09-23 08:29:09	2014_266	44
230914	83220	NA	NA	NA	NA	NA	94.0269	5.68	NA	NA	0	0	0	53494384	0	-1	0	NA	NA	NA	NA	1	NA	2014-09-23 08:32:20	2014_266	45
230914	83446	NA	NA	NA	NA	NA	26.1438	7.6	NA	NA	0	0	0	53640247	319	-1	0	NA	NA	NA	NA	1	NA	2014-09-23 08:34:46	2014_266	46
230914	83746	NA	NA	NA	NA	NA	272.2023	11.24	NA	NA	0	0	0	53820525	319	-1	0	NA	NA	NA	NA	1	NA	2014-09-23 08:37:46	2014_266	47
230914	84047	NA	NA	NA	NA	NA	292.7426	11.8	NA	NA	0	0	0	54000797	319	-1	0	NA	NA	NA	NA	1	NA	2014-09-23 08:40:47	2014_266	48
230914	84347	NA	NA	NA	NA	NA	269.0392	11.82	NA	NA	0	0	0	54180864	319	-1	0	NA	NA	NA	NA	1	NA	2014-09-23 08:43:47	2014_266	49
230914	84647	NA	NA	NA	NA	NA	281.32	11.81	NA	NA	0	0	0	54361076	319	-1	0	NA	NA	NA	NA	1	NA	2014-09-23 08:46:47	2014_266	50
230914	84947	NA	NA	NA	NA	NA	258.4649	11.81	NA	NA	0	0	0	54541433	319	-1	0	NA	NA	NA	NA	1	NA	2014-09-23 08:49:47	2014_266	51
230914	93446	NA	NA	NA	NA	NA	22.2434	6.11	NA	NA	0	0	0	57240212	319	-1	0	NA	NA	NA	NA	1	NA	2014-09-23 09:34:46	2014_266	52
230914	93747	NA	NA	NA	NA	NA	252.5461	11.25	NA	NA	0	0	0	57420566	319	-1	0	NA	NA	NA	NA	1	NA	2014-09-23 09:37:47	2014_266	53
230914	94047	NA	NA	NA	NA	NA	267.7789	11.83	NA	NA	0	0	0	57600634	319	-1	0	NA	NA	NA	NA	1	NA	2014-09-23 09:40:47	2014_266	54
230914	94347	NA	NA	NA	NA	NA	289.7997	11.83	NA	NA	0	0	0	57780803	319	-1	0	NA	NA	NA	NA	1	NA	2014-09-23 09:43:47	2014_266	55
230914	94647	NA	NA	NA	NA	NA	276.1245	11.82	NA	NA	0	0	0	57961207	319	-1	0	NA	NA	NA	NA	1	NA	2014-09-23 09:46:47	2014_266	56
230914	94947	NA	NA	NA	NA	NA	261.0267	11.83	NA	NA	0	0	0	58141322	319	-1	0	NA	NA	NA	NA	1	NA	2014-09-23 09:49:47	2014_266	57
230914	103446	NA	NA	NA	NA	NA	23.5137	6.11	NA	NA	0	0	0	60840319	319	-1	0	NA	NA	NA	NA	1	NA	2014-09-23 10:34:46	2014_266	58
230914	103746	NA	NA	NA	NA	NA	313.4028	11.22	NA	NA	0	0	0	61020496	319	-1	0	NA	NA	NA	NA	1	NA	2014-09-23 10:37:46	2014_266	59
230914	104047	NA	NA	NA	NA	NA	276.5949	11.83	NA	NA	0	0	0	61200736	319	-1	0	NA	NA	NA	NA	1	NA	2014-09-23 10:40:47	2014_266	60
230914	104347	NA	NA	NA	NA	NA	258.2612	11.86	NA	NA	0	0	0	61381202	319	-1	0	NA	NA	NA	NA	1	NA	2014-09-23 10:43:47	2014_266	61
230914	104647	NA	NA	NA	NA	NA	280.2835	11.85	NA	NA	0	0	0	61561383	319	-1	0	NA	NA	NA	NA	1	NA	2014-09-23 10:46:47	2014_266	62
230914	104947	NA	NA	NA	NA	NA	288.9638	11.85	NA	NA	0	0	0	61741502	319	-1	0	NA	NA	NA	NA	1	NA	2014-09-23 10:49:47	2014_266	63
230914	113447	NA	NA	NA	NA	NA	22.5643	6.1	NA	NA	0	0	0	64440575	319	-1	0	NA	NA	NA	NA	1	NA	2014-09-23 11:34:47	2014_266	64
230914	113747	NA	NA	NA	NA	NA	278.1413	11.23	NA	NA	0	0	0	64620584	319	-1	0	NA	NA	NA	NA	1	NA	2014-09-23 11:37:47	2014_266	65
230914	114047	NA	NA	NA	NA	NA	286.6934	11.83	NA	NA	0	0	0	64800814	319	-1	0	NA	NA	NA	NA	1	NA	2014-09-23 11:40:47	2014_266	66
230914	114347	NA	NA	NA	NA	NA	292.8387	11.82	NA	NA	0	0	0	64980986	319	-1	0	NA	NA	NA	NA	1	NA	2014-09-23 11:43:47	2014_266	67
230914	114647	NA	NA	NA	NA	NA	326.6183	11.82	NA	NA	0	0	0	65161166	319	-1	0	NA	NA	NA	NA	1	NA	2014-09-23 11:46:47	2014_266	68
230914	114947	NA	NA	NA	NA	NA	297.2638	11.82	NA	NA	0	0	0	65341319	319	-1	0	NA	NA	NA	NA	1	NA	2014-09-23 11:49:47	2014_266	69
230914	122511	NA	NA	NA	NA	NA	5.3295	0.95	NA	NA	0	0	0	67465012	0	-1	0	NA	NA	NA	NA	1	NA	2014-09-23 12:25:11	2014_266	70
230914	123512	NA	NA	NA	NA	NA	25.5934	5.87	NA	NA	0	0	0	68066133	319	-1	0	NA	NA	NA	NA	1	NA	2014-09-23 12:35:12	2014_266	71
230914	123812	NA	NA	NA	NA	NA	271.9932	11.21	NA	NA	0	0	0	68246165	319	-1	0	NA	NA	NA	NA	1	NA	2014-09-23 12:38:12	2014_266	72
230914	124112	NA	NA	NA	NA	NA	276.6005	11.82	NA	NA	0	0	0	68426337	319	-1	0	NA	NA	NA	NA	1	NA	2014-09-23 12:41:12	2014_266	73
230914	124413	NA	NA	NA	NA	NA	281.8527	11.82	NA	NA	0	0	0	68606569	319	-1	0	NA	NA	NA	NA	1	NA	2014-09-23 12:44:13	2014_266	74
230914	124713	NA	NA	NA	NA	NA	285.7293	11.82	NA	NA	0	0	0	68786832	319	-1	0	NA	NA	NA	NA	1	NA	2014-09-23 12:47:13	2014_266	75
230914	125013	NA	NA	NA	NA	NA	268.7063	11.82	NA	NA	0	0	0	68967176	319	-1	0	NA	NA	NA	NA	1	NA	2014-09-23 12:50:13	2014_266	76
230914	133512	NA	NA	NA	NA	NA	23.5013	6.09	NA	NA	0	0	0	71666120	319	-1	0	NA	NA	NA	NA	1	NA	2014-09-23 13:35:12	2014_266	77
230914	133812	NA	NA	NA	NA	NA	287.3559	11.27	NA	NA	0	0	0	71846277	319	-1	0	NA	NA	NA	NA	1	NA	2014-09-23 13:38:12	2014_266	78
230914	134112	NA	NA	NA	NA	NA	272.968	11.82	NA	NA	0	0	0	72026462	319	-1	0	NA	NA	NA	NA	1	NA	2014-09-23 13:41:12	2014_266	79
230914	134413	NA	NA	NA	NA	NA	265.0601	11.83	NA	NA	0	0	0	72206649	319	-1	0	NA	NA	NA	NA	1	NA	2014-09-23 13:44:13	2014_266	80
230914	134713	NA	NA	NA	NA	NA	247.1711	11.84	NA	NA	0	0	0	72386836	319	-1	0	NA	NA	NA	NA	1	NA	2014-09-23 13:47:13	2014_266	81
230914	135013	NA	NA	NA	NA	NA	315.4796	11.82	NA	NA	0	0	0	72567066	319	-1	0	NA	NA	NA	NA	1	NA	2014-09-23 13:50:13	2014_266	82
230914	143512	NA	NA	NA	NA	NA	23.3226	6.09	NA	NA	0	0	0	75266243	319	-1	0	NA	NA	NA	NA	1	NA	2014-09-23 14:35:12	2014_266	83
230914	143816	NA	NA	NA	NA	NA	6.5378	0.32	NA	NA	0	0	0	75449842	319	-1	0	NA	NA	NA	NA	1	NA	2014-09-23 14:38:16	2014_266	84
230914	144140	NA	NA	NA	NA	NA	230.8737	5.38	NA	NA	0	0	0	75654029	319	-1	0	NA	NA	NA	NA	1	NA	2014-09-23 14:41:40	2014_266	85
230914	144243	NA	NA	NA	NA	NA	25.5394	5.91	NA	NA	0	0	0	75717237	319	-1	0	NA	NA	NA	NA	1	NA	2014-09-23 14:42:43	2014_266	86
230914	144543	NA	NA	NA	NA	NA	277.8673	11.24	NA	NA	0	0	0	75897533	319	-1	0	NA	NA	NA	NA	1	NA	2014-09-23 14:45:43	2014_266	87
230914	144844	NA	NA	NA	NA	NA	292.9161	11.83	NA	NA	0	0	0	76077812	319	-1	0	NA	NA	NA	NA	1	NA	2014-09-23 14:48:44	2014_266	88
230914	145144	NA	NA	NA	NA	NA	270.9157	11.83	NA	NA	0	0	0	76258035	319	-1	0	NA	NA	NA	NA	1	NA	2014-09-23 14:51:44	2014_266	89
230914	145444	NA	NA	NA	NA	NA	308.9729	11.81	NA	NA	0	0	0	76438418	319	-1	0	NA	NA	NA	NA	1	NA	2014-09-23 14:54:44	2014_266	90
230914	145745	NA	NA	NA	NA	NA	256.1989	11.81	NA	NA	0	0	0	76618645	319	-1	0	NA	NA	NA	NA	1	NA	2014-09-23 14:57:45	2014_266	91
230914	153255	NA	NA	NA	NA	NA	5.3567	-11.46	NA	NA	0	0	0	177446	0	-1	0	NA	NA	NA	NA	97.08	NA	2014-09-23 15:32:55	2014_266	501
230914	153354	NA	NA	NA	NA	NA	5.3469	-5.6	NA	NA	0	0	0	236525	0	-1	0	NA	NA	NA	NA	1	NA	2014-09-23 15:33:54	2014_266	502
230914	153633	NA	NA	NA	NA	NA	27.0187	6.1	NA	NA	0	0	0	395356	319	-1	0	NA	NA	NA	NA	1	NA	2014-09-23 15:36:33	2014_266	503
230914	153933	NA	NA	NA	NA	NA	287.637	11.25	NA	NA	0	0	0	575325	319	-1	0	NA	NA	NA	NA	1	NA	2014-09-23 15:39:33	2014_266	504
230914	154233	NA	NA	NA	NA	NA	295.8226	11.81	NA	NA	0	0	0	755535	319	-1	0	NA	NA	NA	NA	1	NA	2014-09-23 15:42:33	2014_266	505
230914	154534	NA	NA	NA	NA	NA	312.8944	11.79	NA	NA	0	0	0	935795	319	-1	0	NA	NA	NA	NA	1	NA	2014-09-23 15:45:34	2014_266	506
230914	154834	NA	NA	NA	NA	NA	272.2842	11.81	NA	NA	0	0	0	1116122	319	-1	0	NA	NA	NA	NA	1	NA	2014-09-23 15:48:34	2014_266	507
230914	155134	NA	NA	NA	NA	NA	305.1969	11.82	NA	NA	0	0	0	1296342	319	-1	0	NA	NA	NA	NA	1	NA	2014-09-23 15:51:34	2014_266	508
230914	163633	NA	NA	NA	NA	NA	23.7017	6.08	NA	NA	0	0	0	3995448	319	-1	0	NA	NA	NA	NA	1	NA	2014-09-23 16:36:33	2014_266	509
230914	163934	NA	NA	NA	NA	NA	270.0917	11.16	NA	NA	0	0	0	4175739	319	-1	0	NA	NA	NA	NA	1	NA	2014-09-23 16:39:34	2014_266	5010
230914	164234	NA	NA	NA	NA	NA	291.484	11.77	NA	NA	0	0	0	4356025	319	-1	0	NA	NA	NA	NA	1	NA	2014-09-23 16:42:34	2014_266	5011
230914	164534	NA	NA	NA	NA	NA	292.926	11.78	NA	NA	0	0	0	4536185	319	-1	0	NA	NA	NA	NA	1	NA	2014-09-23 16:45:34	2014_266	5012
230914	164834	NA	NA	NA	NA	NA	279.3328	11.76	NA	NA	0	0	0	4716420	319	-1	0	NA	NA	NA	NA	1	NA	2014-09-23 16:48:34	2014_266	5013
230914	165135	NA	NA	NA	NA	NA	289.8884	11.77	NA	NA	0	0	0	4896608	319	-1	0	NA	NA	NA	NA	1	NA	2014-09-23 16:51:35	2014_266	5014
230914	173634	NA	NA	NA	NA	NA	23.4122	6.07	NA	NA	0	0	0	7595591	319	-1	0	NA	NA	NA	NA	1	NA	2014-09-23 17:36:34	2014_266	5015
230914	173934	NA	NA	NA	NA	NA	273.664	11.17	NA	NA	0	0	0	7775602	319	-1	0	NA	NA	NA	NA	1	NA	2014-09-23 17:39:34	2014_266	5016
230914	174234	NA	NA	NA	NA	NA	289.0229	11.8	NA	NA	0	0	0	7955817	319	-1	0	NA	NA	NA	NA	1	NA	2014-09-23 17:42:34	2014_266	5017
230914	174534	NA	NA	NA	NA	NA	294.5596	11.79	NA	NA	0	0	0	8136263	319	-1	0	NA	NA	NA	NA	1	NA	2014-09-23 17:45:34	2014_266	5018
230914	174834	NA	NA	NA	NA	NA	304.6855	11.8	NA	NA	0	0	0	8316454	319	-1	0	NA	NA	NA	NA	1	NA	2014-09-23 17:48:34	2014_266	5019
230914	175135	NA	NA	NA	NA	NA	290.0329	11.8	NA	NA	0	0	0	8496636	319	-1	0	NA	NA	NA	NA	1	NA	2014-09-23 17:51:35	2014_266	5020
230914	183634	NA	NA	NA	NA	NA	25.0932	6.07	NA	NA	0	0	0	11195640	319	-1	0	NA	NA	NA	NA	1	NA	2014-09-23 18:36:34	2014_266	5021
230914	183934	NA	NA	NA	NA	NA	294.0506	11.18	NA	NA	0	0	0	11375872	319	-1	0	NA	NA	NA	NA	1	NA	2014-09-23 18:39:34	2014_266	5022
230914	184234	NA	NA	NA	NA	NA	313.7829	11.81	NA	NA	0	0	0	11556083	319	-1	0	NA	NA	NA	NA	1	NA	2014-09-23 18:42:34	2014_266	5023
230914	184534	NA	NA	NA	NA	NA	321.6976	11.8	NA	NA	0	0	0	11736094	319	-1	0	NA	NA	NA	NA	1	NA	2014-09-23 18:45:34	2014_266	5024
230914	184834	NA	NA	NA	NA	NA	321.1751	11.81	NA	NA	0	0	0	11916372	319	-1	0	NA	NA	NA	NA	1	NA	2014-09-23 18:48:34	2014_266	5025
230914	185134	NA	NA	NA	NA	NA	303.2001	11.81	NA	NA	0	0	0	12096514	319	-1	0	NA	NA	NA	NA	1	NA	2014-09-23 18:51:34	2014_266	5026
230914	193634	NA	NA	NA	NA	NA	25.6799	6.07	NA	NA	0	0	0	14795641	319	-1	0	NA	NA	NA	NA	1	NA	2014-09-23 19:36:34	2014_266	5027
230914	193934	NA	NA	NA	NA	NA	307.7243	11.18	NA	NA	0	0	0	14976056	319	-1	0	NA	NA	NA	NA	1	NA	2014-09-23 19:39:34	2014_266	5028
230914	194234	NA	NA	NA	NA	NA	305.4828	11.79	NA	NA	0	0	0	15156225	319	-1	0	NA	NA	NA	NA	1	NA	2014-09-23 19:42:34	2014_266	5029
230914	194534	NA	NA	NA	NA	NA	301.7352	11.79	NA	NA	0	0	0	15336483	319	-1	0	NA	NA	NA	NA	1	NA	2014-09-23 19:45:34	2014_266	5030
230914	194835	NA	NA	NA	NA	NA	306.1729	11.79	NA	NA	0	0	0	15516665	319	-1	0	NA	NA	NA	NA	1	NA	2014-09-23 19:48:35	2014_266	5031
230914	195135	NA	NA	NA	NA	NA	306.3841	11.8	NA	NA	0	0	0	15696988	319	-1	0	NA	NA	NA	NA	1	NA	2014-09-23 19:51:35	2014_266	5032
230914	203634	NA	NA	NA	NA	NA	25.1731	6.06	NA	NA	0	0	0	18395913	319	-1	0	NA	NA	NA	NA	1	NA	2014-09-23 20:36:34	2014_266	5033
230914	203934	NA	NA	NA	NA	NA	292.903	11.09	NA	NA	0	0	0	18575929	319	-1	0	NA	NA	NA	NA	1	NA	2014-09-23 20:39:34	2014_266	5034
230914	204234	NA	NA	NA	NA	NA	304.366	11.74	NA	NA	0	0	0	18756134	319	-1	0	NA	NA	NA	NA	1	NA	2014-09-23 20:42:34	2014_266	5035
230914	204534	NA	NA	NA	NA	NA	301.365	11.74	NA	NA	0	0	0	18936297	319	-1	0	NA	NA	NA	NA	1	NA	2014-09-23 20:45:34	2014_266	5036
230914	204834	NA	NA	NA	NA	NA	310.1527	11.73	NA	NA	0	0	0	19116398	319	-1	0	NA	NA	NA	NA	1	NA	2014-09-23 20:48:34	2014_266	5037
230914	205135	NA	NA	NA	NA	NA	286.5573	11.75	NA	NA	0	0	0	19296870	319	-1	0	NA	NA	NA	NA	1	NA	2014-09-23 20:51:35	2014_266	5038
230914	213634	NA	NA	NA	NA	NA	25.126	6.04	NA	NA	0	0	0	21995989	319	-1	0	NA	NA	NA	NA	1	NA	2014-09-23 21:36:34	2014_266	5039
230914	213934	NA	NA	NA	NA	NA	301.9723	11.16	NA	NA	0	0	0	22176158	319	-1	0	NA	NA	NA	NA	1	NA	2014-09-23 21:39:34	2014_266	5040
230914	214234	NA	NA	NA	NA	NA	279.6389	11.79	NA	NA	0	0	0	22356327	319	-1	0	NA	NA	NA	NA	1	NA	2014-09-23 21:42:34	2014_266	5041
230914	214534	NA	NA	NA	NA	NA	303.1433	11.78	NA	NA	0	0	0	22536529	319	-1	0	NA	NA	NA	NA	1	NA	2014-09-23 21:45:34	2014_266	5042
230914	214835	NA	NA	NA	NA	NA	307.5876	11.79	NA	NA	0	0	0	22716891	319	-1	0	NA	NA	NA	NA	1	NA	2014-09-23 21:48:35	2014_266	5043
230914	215135	NA	NA	NA	NA	NA	300.0211	11.77	NA	NA	0	0	0	22897171	319	-1	0	NA	NA	NA	NA	1	NA	2014-09-23 21:51:35	2014_266	5044
230914	223634	NA	NA	NA	NA	NA	24.221	6.04	NA	NA	0	0	0	25595963	319	-1	0	NA	NA	NA	NA	1	NA	2014-09-23 22:36:34	2014_266	5045
230914	223934	NA	NA	NA	NA	NA	312.7787	11.12	NA	NA	0	0	0	25776269	319	-1	0	NA	NA	NA	NA	1	NA	2014-09-23 22:39:34	2014_266	5046
230914	224234	NA	NA	NA	NA	NA	319.0493	11.78	NA	NA	0	0	0	25956343	319	-1	0	NA	NA	NA	NA	1	NA	2014-09-23 22:42:34	2014_266	5047
230914	224535	NA	NA	NA	NA	NA	281.2198	11.77	NA	NA	0	0	0	26136749	319	-1	0	NA	NA	NA	NA	1	NA	2014-09-23 22:45:35	2014_266	5048
230914	224835	NA	NA	NA	NA	NA	292.5803	11.78	NA	NA	0	0	0	26316710	319	-1	0	NA	NA	NA	NA	1	NA	2014-09-23 22:48:35	2014_266	5049
230914	225135	NA	NA	NA	NA	NA	270.3428	11.77	NA	NA	0	0	0	26497159	319	-1	0	NA	NA	NA	NA	1	NA	2014-09-23 22:51:35	2014_266	5050
230914	233634	NA	NA	NA	NA	NA	23.1075	6.04	NA	NA	0	0	0	29196135	319	-1	0	NA	NA	NA	NA	1	NA	2014-09-23 23:36:34	2014_266	5051
230914	233934	NA	NA	NA	NA	NA	301.2004	11.14	NA	NA	0	0	0	29376287	319	-1	0	NA	NA	NA	NA	1	NA	2014-09-23 23:39:34	2014_266	5052
230914	234234	NA	NA	NA	NA	NA	286.1045	11.75	NA	NA	0	0	0	29556506	319	-1	0	NA	NA	NA	NA	1	NA	2014-09-23 23:42:34	2014_266	5053
230914	234535	NA	NA	NA	NA	NA	294.8846	11.77	NA	NA	0	0	0	29736663	319	-1	0	NA	NA	NA	NA	1	NA	2014-09-23 23:45:35	2014_266	5054
230914	234835	NA	NA	NA	NA	NA	291.9615	11.78	NA	NA	0	0	0	29916868	319	-1	0	NA	NA	NA	NA	1	NA	2014-09-23 23:48:35	2014_266	5055
230914	235135	NA	NA	NA	NA	NA	305.7513	11.78	NA	NA	0	0	0	30097308	319	-1	0	NA	NA	NA	NA	1	NA	2014-09-23 23:51:35	2014_266	5056
240914	10206	NA	NA	NA	NA	NA	100.4653	6.04	NA	NA	0	0	0	34327889	0	-1	0	NA	NA	NA	NA	98.72	NA	2014-09-24 01:02:06	2014_267	1
240914	10500	NA	NA	NA	NA	NA	24.2595	6.57	NA	NA	0	0	0	34502154	319	-1	0	NA	NA	NA	NA	1	NA	2014-09-24 01:05:00	2014_267	2
240914	10508	NA	NA	NA	NA	NA	23.2612	6.08	NA	NA	0	0	0	34509761	319	-1	0	NA	NA	NA	NA	1	NA	2014-09-24 01:05:08	2014_267	3
240914	10648	NA	NA	NA	NA	NA	36.9201	9.42	NA	NA	0	0	0	34610189	319	-1	0	NA	NA	NA	NA	1	NA	2014-09-24 01:06:48	2014_267	4
240914	10948	NA	NA	NA	NA	NA	305.8791	11.14	NA	NA	0	0	0	34790326	319	-1	0	NA	NA	NA	NA	1	NA	2014-09-24 01:09:48	2014_267	5
240914	11248	NA	NA	NA	NA	NA	314.0617	11.74	NA	NA	0	0	0	34970480	319	-1	0	NA	NA	NA	NA	1	NA	2014-09-24 01:12:48	2014_267	6
240914	11549	NA	NA	NA	NA	NA	311.3646	11.74	NA	NA	0	0	0	35150848	319	-1	0	NA	NA	NA	NA	1	NA	2014-09-24 01:15:49	2014_267	7
240914	11849	NA	NA	NA	NA	NA	312.3114	11.76	NA	NA	0	0	0	35331004	319	-1	0	NA	NA	NA	NA	1	NA	2014-09-24 01:18:49	2014_267	8
240914	12149	NA	NA	NA	NA	NA	291.7809	11.76	NA	NA	0	0	0	35511343	319	-1	0	NA	NA	NA	NA	1	NA	2014-09-24 01:21:49	2014_267	9
240914	20648	NA	NA	NA	NA	NA	23.7415	6.03	NA	NA	0	0	0	38210402	319	-1	0	NA	NA	NA	NA	1	NA	2014-09-24 02:06:48	2014_267	10
240914	20949	NA	NA	NA	NA	NA	311.333	11.07	NA	NA	0	0	0	38390633	319	-1	0	NA	NA	NA	NA	1	NA	2014-09-24 02:09:49	2014_267	11
240914	21249	NA	NA	NA	NA	NA	294.3931	11.76	NA	NA	0	0	0	38570792	319	-1	0	NA	NA	NA	NA	1	NA	2014-09-24 02:12:49	2014_267	12
240914	21549	NA	NA	NA	NA	NA	313.8399	11.77	NA	NA	0	0	0	38751172	319	-1	0	NA	NA	NA	NA	1	NA	2014-09-24 02:15:49	2014_267	13
240914	21849	NA	NA	NA	NA	NA	313.311	11.76	NA	NA	0	0	0	38931158	319	-1	0	NA	NA	NA	NA	1	NA	2014-09-24 02:18:49	2014_267	14
240914	22150	NA	NA	NA	NA	NA	316.4019	11.76	NA	NA	0	0	0	39111556	319	-1	0	NA	NA	NA	NA	1	NA	2014-09-24 02:21:50	2014_267	15
240914	30648	NA	NA	NA	NA	NA	23.1355	6.02	NA	NA	0	0	0	41810381	319	-1	0	NA	NA	NA	NA	1	NA	2014-09-24 03:06:48	2014_267	16
240914	30948	NA	NA	NA	NA	NA	303.4673	11.06	NA	NA	0	0	0	41990546	319	-1	0	NA	NA	NA	NA	1	NA	2014-09-24 03:09:48	2014_267	17
240914	31249	NA	NA	NA	NA	NA	302.9556	11.77	NA	NA	0	0	0	42170660	319	-1	0	NA	NA	NA	NA	1	NA	2014-09-24 03:12:49	2014_267	18
240914	31549	NA	NA	NA	NA	NA	309.0855	11.77	NA	NA	0	0	0	42350901	319	-1	0	NA	NA	NA	NA	1	NA	2014-09-24 03:15:49	2014_267	19
240914	31849	NA	NA	NA	NA	NA	294.2139	11.75	NA	NA	0	0	0	42531173	319	-1	0	NA	NA	NA	NA	1	NA	2014-09-24 03:18:49	2014_267	20
240914	32149	NA	NA	NA	NA	NA	296.7711	11.76	NA	NA	0	0	0	42711318	319	-1	0	NA	NA	NA	NA	1	NA	2014-09-24 03:21:49	2014_267	21
240914	40649	NA	NA	NA	NA	NA	24.6601	5.99	NA	NA	0	0	0	45410589	319	-1	0	NA	NA	NA	NA	1	NA	2014-09-24 04:06:49	2014_267	22
240914	40949	NA	NA	NA	NA	NA	290.0295	11.04	NA	NA	0	0	0	45590809	319	-1	0	NA	NA	NA	NA	1	NA	2014-09-24 04:09:49	2014_267	23
240914	41249	NA	NA	NA	NA	NA	303.7909	11.72	NA	NA	0	0	0	45770987	319	-1	0	NA	NA	NA	NA	1	NA	2014-09-24 04:12:49	2014_267	24
240914	41549	NA	NA	NA	NA	NA	320.4474	11.73	NA	NA	0	0	0	45951313	319	-1	0	NA	NA	NA	NA	1	NA	2014-09-24 04:15:49	2014_267	25
240914	41849	NA	NA	NA	NA	NA	307.881	11.73	NA	NA	0	0	0	46131552	319	-1	0	NA	NA	NA	NA	1	NA	2014-09-24 04:18:49	2014_267	26
240914	42150	NA	NA	NA	NA	NA	302.8343	11.73	NA	NA	0	0	0	46311734	319	-1	0	NA	NA	NA	NA	1	NA	2014-09-24 04:21:50	2014_267	27
240914	50649	NA	NA	NA	NA	NA	22.3975	6	NA	NA	0	0	0	49010654	319	-1	0	NA	NA	NA	NA	1	NA	2014-09-24 05:06:49	2014_267	28
240914	50949	NA	NA	NA	NA	NA	304.3267	11.06	NA	NA	0	0	0	49190673	319	-1	0	NA	NA	NA	NA	1	NA	2014-09-24 05:09:49	2014_267	29
240914	51249	NA	NA	NA	NA	NA	303.8638	11.76	NA	NA	0	0	0	49371054	319	-1	0	NA	NA	NA	NA	1	NA	2014-09-24 05:12:49	2014_267	30
240914	51549	NA	NA	NA	NA	NA	311.9212	11.76	NA	NA	0	0	0	49551219	319	-1	0	NA	NA	NA	NA	1	NA	2014-09-24 05:15:49	2014_267	31
240914	51849	NA	NA	NA	NA	NA	338.0134	11.75	NA	NA	0	0	0	49731440	319	-1	0	NA	NA	NA	NA	1	NA	2014-09-24 05:18:49	2014_267	32
240914	52150	NA	NA	NA	NA	NA	317.1377	11.75	NA	NA	0	0	0	49911862	319	-1	0	NA	NA	NA	NA	1	NA	2014-09-24 05:21:50	2014_267	33
240914	60649	NA	NA	NA	NA	NA	21.4663	6.02	NA	NA	0	0	0	52610720	319	-1	0	NA	NA	NA	NA	1	NA	2014-09-24 06:06:49	2014_267	34
240914	60949	NA	NA	NA	NA	NA	314.5499	11.05	NA	NA	0	0	0	52790912	319	-1	0	NA	NA	NA	NA	1	NA	2014-09-24 06:09:49	2014_267	35
240914	61249	NA	NA	NA	NA	NA	307.746	11.74	NA	NA	0	0	0	52971143	319	-1	0	NA	NA	NA	NA	1	NA	2014-09-24 06:12:49	2014_267	36
240914	61549	NA	NA	NA	NA	NA	304.385	11.75	NA	NA	0	0	0	53151322	319	-1	0	NA	NA	NA	NA	1	NA	2014-09-24 06:15:49	2014_267	37
240914	61850	NA	NA	NA	NA	NA	320.1516	11.76	NA	NA	0	0	0	53331572	319	-1	0	NA	NA	NA	NA	1	NA	2014-09-24 06:18:50	2014_267	38
240914	62150	NA	NA	NA	NA	NA	306.5502	11.74	NA	NA	0	0	0	53511965	319	-1	0	NA	NA	NA	NA	1	NA	2014-09-24 06:21:50	2014_267	39
240914	70649	NA	NA	NA	NA	NA	24.249	5.96	NA	NA	0	0	0	56210752	319	-1	0	NA	NA	NA	NA	1	NA	2014-09-24 07:06:49	2014_267	40
240914	70949	NA	NA	NA	NA	NA	299.3859	11.01	NA	NA	0	0	0	56390915	319	-1	0	NA	NA	NA	NA	1	NA	2014-09-24 07:09:49	2014_267	41
240914	71249	NA	NA	NA	NA	NA	307.8599	11.69	NA	NA	0	0	0	56571116	319	-1	0	NA	NA	NA	NA	1	NA	2014-09-24 07:12:49	2014_267	42
240914	71549	NA	NA	NA	NA	NA	310.4624	11.72	NA	NA	0	0	0	56751308	319	-1	0	NA	NA	NA	NA	1	NA	2014-09-24 07:15:49	2014_267	43
240914	71850	NA	NA	NA	NA	NA	307.0189	11.71	NA	NA	0	0	0	56931631	319	-1	0	NA	NA	NA	NA	1	NA	2014-09-24 07:18:50	2014_267	44
240914	72150	NA	NA	NA	NA	NA	290.3923	11.72	NA	NA	0	0	0	57111844	319	-1	0	NA	NA	NA	NA	1	NA	2014-09-24 07:21:50	2014_267	45
240914	80649	NA	NA	NA	NA	NA	21.0392	6	NA	NA	0	0	0	59810924	319	-1	0	NA	NA	NA	NA	1	NA	2014-09-24 08:06:49	2014_267	46
240914	80949	NA	NA	NA	NA	NA	314.3184	11.05	NA	NA	0	0	0	59990932	319	-1	0	NA	NA	NA	NA	1	NA	2014-09-24 08:09:49	2014_267	47
240914	81249	NA	NA	NA	NA	NA	308.4933	11.74	NA	NA	0	0	0	60171066	319	-1	0	NA	NA	NA	NA	1	NA	2014-09-24 08:12:49	2014_267	48
240914	81549	NA	NA	NA	NA	NA	313.9325	11.75	NA	NA	0	0	0	60351270	319	-1	0	NA	NA	NA	NA	1	NA	2014-09-24 08:15:49	2014_267	49
240914	81850	NA	NA	NA	NA	NA	303.8851	11.75	NA	NA	0	0	0	60531617	319	-1	0	NA	NA	NA	NA	1	NA	2014-09-24 08:18:50	2014_267	50
240914	82150	NA	NA	NA	NA	NA	304.6208	11.74	NA	NA	0	0	0	60711815	319	-1	0	NA	NA	NA	NA	1	NA	2014-09-24 08:21:50	2014_267	51
240914	90649	NA	NA	NA	NA	NA	23.9369	6	NA	NA	0	0	0	63410819	319	-1	0	NA	NA	NA	NA	1	NA	2014-09-24 09:06:49	2014_267	52
240914	90949	NA	NA	NA	NA	NA	320.8745	11.04	NA	NA	0	0	0	63591041	319	-1	0	NA	NA	NA	NA	1	NA	2014-09-24 09:09:49	2014_267	53
240914	91249	NA	NA	NA	NA	NA	312.6696	11.73	NA	NA	0	0	0	63771262	319	-1	0	NA	NA	NA	NA	1	NA	2014-09-24 09:12:49	2014_267	54
240914	91549	NA	NA	NA	NA	NA	315.1868	11.73	NA	NA	0	0	0	63951505	319	-1	0	NA	NA	NA	NA	1	NA	2014-09-24 09:15:49	2014_267	55
240914	91850	NA	NA	NA	NA	NA	317.1258	11.73	NA	NA	0	0	0	64131579	319	-1	0	NA	NA	NA	NA	1	NA	2014-09-24 09:18:50	2014_267	56
240914	92150	NA	NA	NA	NA	NA	318.9106	11.73	NA	NA	0	0	0	64311794	319	-1	0	NA	NA	NA	NA	1	NA	2014-09-24 09:21:50	2014_267	57
240914	100649	NA	NA	NA	NA	NA	23.1047	5.96	NA	NA	0	0	0	67010942	319	-1	0	NA	NA	NA	NA	1	NA	2014-09-24 10:06:49	2014_267	58
240914	100949	NA	NA	NA	NA	NA	321.9971	10.99	NA	NA	0	0	0	67191129	319	-1	0	NA	NA	NA	NA	1	NA	2014-09-24 10:09:49	2014_267	59
240914	101249	NA	NA	NA	NA	NA	315.6677	11.69	NA	NA	0	0	0	67371295	319	-1	0	NA	NA	NA	NA	1	NA	2014-09-24 10:12:49	2014_267	60
240914	101549	NA	NA	NA	NA	NA	308.0409	11.69	NA	NA	0	0	0	67551447	319	-1	0	NA	NA	NA	NA	1	NA	2014-09-24 10:15:49	2014_267	61
240914	101850	NA	NA	NA	NA	NA	306.9195	11.7	NA	NA	0	0	0	67731655	319	-1	0	NA	NA	NA	NA	1	NA	2014-09-24 10:18:50	2014_267	62
240914	102150	NA	NA	NA	NA	NA	351.6358	11.69	NA	NA	0	0	0	67911837	319	-1	0	NA	NA	NA	NA	1	NA	2014-09-24 10:21:50	2014_267	63
240914	110649	NA	NA	NA	NA	NA	21.7446	5.98	NA	NA	0	0	0	70610967	319	-1	0	NA	NA	NA	NA	1	NA	2014-09-24 11:06:49	2014_267	64
240914	110949	NA	NA	NA	NA	NA	335.8467	11.02	NA	NA	0	0	0	70791188	319	-1	0	NA	NA	NA	NA	1	NA	2014-09-24 11:09:49	2014_267	65
240914	111249	NA	NA	NA	NA	NA	306.6432	11.7	NA	NA	0	0	0	70971335	319	-1	0	NA	NA	NA	NA	1	NA	2014-09-24 11:12:49	2014_267	66
240914	111550	NA	NA	NA	NA	NA	321.0963	11.71	NA	NA	0	0	0	71151589	319	-1	0	NA	NA	NA	NA	1	NA	2014-09-24 11:15:50	2014_267	67
240914	111850	NA	NA	NA	NA	NA	307.8761	11.7	NA	NA	0	0	0	71331989	319	-1	0	NA	NA	NA	NA	1	NA	2014-09-24 11:18:50	2014_267	68
240914	112150	NA	NA	NA	NA	NA	312.0443	11.72	NA	NA	0	0	0	71512206	319	-1	0	NA	NA	NA	NA	1	NA	2014-09-24 11:21:50	2014_267	69
240914	120649	NA	NA	NA	NA	NA	21.4381	6	NA	NA	0	0	0	74211191	319	-1	0	NA	NA	NA	NA	1	NA	2014-09-24 12:06:49	2014_267	70
240914	120949	NA	NA	NA	NA	NA	332.2222	11.03	NA	NA	0	0	0	74391372	319	-1	0	NA	NA	NA	NA	1	NA	2014-09-24 12:09:49	2014_267	71
240914	121250	NA	NA	NA	NA	NA	330.8213	11.73	NA	NA	0	0	0	74571594	319	-1	0	NA	NA	NA	NA	1	NA	2014-09-24 12:12:50	2014_267	72
240914	121550	NA	NA	NA	NA	NA	508.5167	13.14	NA	NA	0	0	0	74751820	319	-1	0	NA	NA	NA	NA	1	NA	2014-09-24 12:15:50	2014_267	73
240914	121850	NA	NA	NA	NA	NA	486.3995	11.65	NA	NA	0	0	0	74932204	319	-1	0	NA	NA	NA	NA	1	NA	2014-09-24 12:18:50	2014_267	74
240914	122150	NA	NA	NA	NA	NA	347.8179	11.65	NA	NA	0	0	0	75112392	319	-1	0	NA	NA	NA	NA	1	NA	2014-09-24 12:21:50	2014_267	75
240914	130649	NA	NA	NA	NA	NA	122.2252	5.84	NA	NA	0	0	0	77811251	319	-1	0	NA	NA	NA	NA	1	NA	2014-09-24 13:06:49	2014_267	76
240914	130950	NA	NA	NA	NA	NA	518.9109	11.24	NA	NA	0	0	0	77991615	319	-1	0	NA	NA	NA	NA	1	NA	2014-09-24 13:09:50	2014_267	77
240914	131250	NA	NA	NA	NA	NA	583.881	11.68	NA	NA	0	0	0	78171566	319	-1	0	NA	NA	NA	NA	1	NA	2014-09-24 13:12:50	2014_267	78
240914	131550	NA	NA	NA	NA	NA	639.8428	11.66	NA	NA	0	0	0	78351983	319	-1	0	NA	NA	NA	NA	1	NA	2014-09-24 13:15:50	2014_267	79
240914	131850	NA	NA	NA	NA	NA	604.5964	11.67	NA	NA	0	0	0	78532183	319	-1	0	NA	NA	NA	NA	1	NA	2014-09-24 13:18:50	2014_267	80
240914	132150	NA	NA	NA	NA	NA	600.4705	11.64	NA	NA	0	0	0	78712388	319	-1	0	NA	NA	NA	NA	1	NA	2014-09-24 13:21:50	2014_267	81
240914	140649	NA	NA	NA	NA	NA	215.3062	5.88	NA	NA	0	0	0	81411491	319	-1	0	NA	NA	NA	NA	1	NA	2014-09-24 14:06:49	2014_267	82
240914	140950	NA	NA	NA	NA	NA	729.2172	11.2	NA	NA	0	0	0	81591594	319	-1	0	NA	NA	NA	NA	1	NA	2014-09-24 14:09:50	2014_267	83
240914	141250	NA	NA	NA	NA	NA	665.2505	11.63	NA	NA	0	0	0	81771854	319	-1	0	NA	NA	NA	NA	1	NA	2014-09-24 14:12:50	2014_267	84
240914	141550	NA	NA	NA	NA	NA	677.6243	11.66	NA	NA	0	0	0	81952069	319	-1	0	NA	NA	NA	NA	1	NA	2014-09-24 14:15:50	2014_267	85
240914	141850	NA	NA	NA	NA	NA	601.0499	11.63	NA	NA	0	0	0	82132249	319	-1	0	NA	NA	NA	NA	1	NA	2014-09-24 14:18:50	2014_267	86
240914	142150	NA	NA	NA	NA	NA	571.526	11.66	NA	NA	0	0	0	82312542	319	-1	0	NA	NA	NA	NA	1	NA	2014-09-24 14:21:50	2014_267	87
240914	150650	NA	NA	NA	NA	NA	5.3411	1.83	NA	NA	0	0	0	85011605	0	-1	0	NA	NA	NA	NA	1	NA	2014-09-24 15:06:50	2014_267	88
240914	150950	NA	NA	NA	NA	NA	5.337	0.79	NA	NA	0	0	0	85191711	0	-1	0	NA	NA	NA	NA	1	NA	2014-09-24 15:09:50	2014_267	89
240914	151250	NA	NA	NA	NA	NA	5.3222	0.88	NA	NA	0	0	0	85371947	0	-1	0	NA	NA	NA	NA	1	NA	2014-09-24 15:12:50	2014_267	90
240914	151955	NA	NA	NA	NA	NA	5.3434	-0.55	NA	NA	0	0	0	85797207	0	-1	0	NA	NA	NA	NA	99.07	NA	2014-09-24 15:19:55	2014_267	501
240914	152655	NA	NA	NA	NA	NA	106.2362	4.8	NA	NA	0	0	0	86217509	319	-1	0	NA	NA	NA	NA	1	NA	2014-09-24 15:26:55	2014_267	502
240914	153120	NA	NA	NA	NA	NA	40.8716	7.66	NA	NA	0	0	0	86482460	319	-1	0	NA	NA	NA	NA	1	NA	2014-09-24 15:31:20	2014_267	503
240914	153421	NA	NA	NA	NA	NA	329.7455	11.03	NA	NA	0	0	0	86662608	319	-1	0	NA	NA	NA	NA	1	NA	2014-09-24 15:34:21	2014_267	504
240914	153721	NA	NA	NA	NA	NA	326.4629	11.68	NA	NA	0	0	0	86842821	319	-1	0	NA	NA	NA	NA	1	NA	2014-09-24 15:37:21	2014_267	505
240914	154021	NA	NA	NA	NA	NA	331.0749	11.68	NA	NA	0	0	0	87023117	319	-1	0	NA	NA	NA	NA	1	NA	2014-09-24 15:40:21	2014_267	506
240914	154321	NA	NA	NA	NA	NA	333.8736	11.69	NA	NA	0	0	0	87203308	319	-1	0	NA	NA	NA	NA	1	NA	2014-09-24 15:43:21	2014_267	507
240914	154622	NA	NA	NA	NA	NA	343.6787	11.69	NA	NA	0	0	0	87383597	319	-1	0	NA	NA	NA	NA	1	NA	2014-09-24 15:46:22	2014_267	508
240914	163121	NA	NA	NA	NA	NA	23.7893	5.95	NA	NA	0	0	0	90082583	319	-1	0	NA	NA	NA	NA	1	NA	2014-09-24 16:31:21	2014_267	509
240914	163421	NA	NA	NA	NA	NA	346.2502	11.02	NA	NA	0	0	0	90262722	319	-1	0	NA	NA	NA	NA	1	NA	2014-09-24 16:34:21	2014_267	5010
240914	163721	NA	NA	NA	NA	NA	341.9081	11.69	NA	NA	0	0	0	90442975	319	-1	0	NA	NA	NA	NA	1	NA	2014-09-24 16:37:21	2014_267	5011
240914	164021	NA	NA	NA	NA	NA	348.4108	11.71	NA	NA	0	0	0	90623200	319	-1	0	NA	NA	NA	NA	1	NA	2014-09-24 16:40:21	2014_267	5012
240914	164321	NA	NA	NA	NA	NA	344.5552	11.72	NA	NA	0	0	0	90803352	319	-1	0	NA	NA	NA	NA	1	NA	2014-09-24 16:43:21	2014_267	5013
240914	164622	NA	NA	NA	NA	NA	342.2065	11.71	NA	NA	0	0	0	90983732	319	-1	0	NA	NA	NA	NA	1	NA	2014-09-24 16:46:22	2014_267	5014
240914	173121	NA	NA	NA	NA	NA	25.7396	5.96	NA	NA	0	0	0	93682695	319	-1	0	NA	NA	NA	NA	1	NA	2014-09-24 17:31:21	2014_267	5015
240914	173421	NA	NA	NA	NA	NA	375.8999	11.02	NA	NA	0	0	0	93862697	319	-1	0	NA	NA	NA	NA	1	NA	2014-09-24 17:34:21	2014_267	5016
240914	173721	NA	NA	NA	NA	NA	377.399	11.71	NA	NA	0	0	0	94043095	319	-1	0	NA	NA	NA	NA	1	NA	2014-09-24 17:37:21	2014_267	5017
240914	174021	NA	NA	NA	NA	NA	356.5876	11.7	NA	NA	0	0	0	94223281	319	-1	0	NA	NA	NA	NA	1	NA	2014-09-24 17:40:21	2014_267	5018
240914	174321	NA	NA	NA	NA	NA	409.5258	11.73	NA	NA	0	0	0	94403494	319	-1	0	NA	NA	NA	NA	1	NA	2014-09-24 17:43:21	2014_267	5019
240914	174622	NA	NA	NA	NA	NA	361.1508	11.72	NA	NA	0	0	0	94583838	319	-1	0	NA	NA	NA	NA	1	NA	2014-09-24 17:46:22	2014_267	5020
240914	183121	NA	NA	NA	NA	NA	24.0129	5.96	NA	NA	0	0	0	97282591	319	-1	0	NA	NA	NA	NA	1	NA	2014-09-24 18:31:21	2014_267	5021
240914	183421	NA	NA	NA	NA	NA	370.9312	11.01	NA	NA	0	0	0	97462810	319	-1	0	NA	NA	NA	NA	1	NA	2014-09-24 18:34:21	2014_267	5022
240914	183721	NA	NA	NA	NA	NA	366.938	11.71	NA	NA	0	0	0	97643063	319	-1	0	NA	NA	NA	NA	1	NA	2014-09-24 18:37:21	2014_267	5023
240914	184021	NA	NA	NA	NA	NA	380.2681	11.7	NA	NA	0	0	0	97823249	319	-1	0	NA	NA	NA	NA	1	NA	2014-09-24 18:40:21	2014_267	5024
240914	184321	NA	NA	NA	NA	NA	369.7464	11.7	NA	NA	0	0	0	98003438	319	-1	0	NA	NA	NA	NA	1	NA	2014-09-24 18:43:21	2014_267	5025
240914	184622	NA	NA	NA	NA	NA	366.9165	11.69	NA	NA	0	0	0	98183627	319	-1	0	NA	NA	NA	NA	1	NA	2014-09-24 18:46:22	2014_267	5026
240914	193121	NA	NA	NA	NA	NA	23.7879	5.96	NA	NA	0	0	0	100882761	319	-1	0	NA	NA	NA	NA	1	NA	2014-09-24 19:31:21	2014_267	5027
240914	193421	NA	NA	NA	NA	NA	383.2043	10.98	NA	NA	0	0	0	101062999	319	-1	0	NA	NA	NA	NA	1	NA	2014-09-24 19:34:21	2014_267	5028
240914	193721	NA	NA	NA	NA	NA	370.0106	11.7	NA	NA	0	0	0	101243146	319	-1	0	NA	NA	NA	NA	1	NA	2014-09-24 19:37:21	2014_267	5029
240914	194022	NA	NA	NA	NA	NA	370.829	11.71	NA	NA	0	0	0	101423556	319	-1	0	NA	NA	NA	NA	1	NA	2014-09-24 19:40:22	2014_267	5030
240914	194321	NA	NA	NA	NA	NA	374.9505	11.69	NA	NA	0	0	0	101603547	319	-1	0	NA	NA	NA	NA	1	NA	2014-09-24 19:43:21	2014_267	5031
240914	194622	NA	NA	NA	NA	NA	381.6433	11.71	NA	NA	0	0	0	101783869	319	-1	0	NA	NA	NA	NA	1	NA	2014-09-24 19:46:22	2014_267	5032
240914	205939	NA	NA	NA	NA	NA	45.8545	-11.98	NA	NA	0	0	0	187405	319	-1	0	NA	NA	NA	NA	98.56	NA	2014-09-24 20:59:39	2014_267	50501
240914	214342	NA	NA	NA	NA	NA	13.9145	5.95	NA	NA	0	0	0	2830385	319	-1	0	NA	NA	NA	NA	1	NA	2014-09-24 21:43:42	2014_267	50502
240914	214642	NA	NA	NA	NA	NA	218.6722	11.33	NA	NA	0	0	0	3010389	319	-1	0	NA	NA	NA	NA	1	NA	2014-09-24 21:46:42	2014_267	50503
240914	214942	NA	NA	NA	NA	NA	202.0985	11.99	NA	NA	0	0	0	3190501	319	-1	0	NA	NA	NA	NA	1	NA	2014-09-24 21:49:42	2014_267	50504
240914	215242	NA	NA	NA	NA	NA	198.6346	11.97	NA	NA	0	0	0	3370772	319	-1	0	NA	NA	NA	NA	1	NA	2014-09-24 21:52:42	2014_267	50505
240914	215543	NA	NA	NA	NA	NA	197.2148	11.97	NA	NA	0	0	0	3551014	319	-1	0	NA	NA	NA	NA	1	NA	2014-09-24 21:55:43	2014_267	50506
240914	215843	NA	NA	NA	NA	NA	209.4431	11.98	NA	NA	0	0	0	3731237	319	-1	0	NA	NA	NA	NA	1	NA	2014-09-24 21:58:43	2014_267	50507
240914	224342	NA	NA	NA	NA	NA	11.8917	6.21	NA	NA	0	0	0	6430512	319	-1	0	NA	NA	NA	NA	1	NA	2014-09-24 22:43:42	2014_267	50508
240914	224642	NA	NA	NA	NA	NA	207.8966	11.33	NA	NA	0	0	0	6610524	319	-1	0	NA	NA	NA	NA	1	NA	2014-09-24 22:46:42	2014_267	50509
240914	224942	NA	NA	NA	NA	NA	197.264	11.98	NA	NA	0	0	0	6790833	319	-1	0	NA	NA	NA	NA	1	NA	2014-09-24 22:49:42	2014_267	505010
240914	225243	NA	NA	NA	NA	NA	206.7096	11.99	NA	NA	0	0	0	6971118	319	-1	0	NA	NA	NA	NA	1	NA	2014-09-24 22:52:43	2014_267	505011
240914	225543	NA	NA	NA	NA	NA	201.2328	11.98	NA	NA	0	0	0	7151145	319	-1	0	NA	NA	NA	NA	1	NA	2014-09-24 22:55:43	2014_267	505012
240914	225843	NA	NA	NA	NA	NA	212.0969	11.97	NA	NA	0	0	0	7331358	319	-1	0	NA	NA	NA	NA	1	NA	2014-09-24 22:58:43	2014_267	505013
240914	234342	NA	NA	NA	NA	NA	11.721	6.21	NA	NA	0	0	0	10030578	319	-1	0	NA	NA	NA	NA	1	NA	2014-09-24 23:43:42	2014_267	505014
240914	234642	NA	NA	NA	NA	NA	215.2927	11.36	NA	NA	0	0	0	10210494	319	-1	0	NA	NA	NA	NA	1	NA	2014-09-24 23:46:42	2014_267	505015
240914	234942	NA	NA	NA	NA	NA	207.4508	11.98	NA	NA	0	0	0	10390677	319	-1	0	NA	NA	NA	NA	1	NA	2014-09-24 23:49:42	2014_267	505016
240914	235243	NA	NA	NA	NA	NA	209.0654	11.98	NA	NA	0	0	0	10570998	319	-1	0	NA	NA	NA	NA	1	NA	2014-09-24 23:52:43	2014_267	505017
240914	235543	NA	NA	NA	NA	NA	203.6823	11.97	NA	NA	0	0	0	10751033	319	-1	0	NA	NA	NA	NA	1	NA	2014-09-24 23:55:43	2014_267	505018
240914	235843	NA	NA	NA	NA	NA	193.8366	11.98	NA	NA	0	0	0	10931298	319	-1	0	NA	NA	NA	NA	1	NA	2014-09-24 23:58:43	2014_267	505019
250914	4342	NA	NA	NA	NA	NA	5.221	0.86	NA	NA	0	0	0	13630787	0	-1	0	NA	NA	NA	NA	1	NA	2014-09-25 00:43:42	2014_268	0
250914	4642	NA	NA	NA	NA	NA	5.2097	0.11	NA	NA	0	0	0	13810893	0	-1	0	NA	NA	NA	NA	1	NA	2014-09-25 00:46:42	2014_268	1
250914	4942	NA	NA	NA	NA	NA	5.2364	0.12	NA	NA	0	0	0	13990915	0	-1	0	NA	NA	NA	NA	1	NA	2014-09-25 00:49:42	2014_268	2
250914	5243	NA	NA	NA	NA	NA	5.2502	0.14	NA	NA	0	0	0	14171308	0	-1	0	NA	NA	NA	NA	1	NA	2014-09-25 00:52:43	2014_268	3
250914	5543	NA	NA	NA	NA	NA	5.2261	0.16	NA	NA	0	0	0	14351471	0	-1	0	NA	NA	NA	NA	1	NA	2014-09-25 00:55:43	2014_268	4
250914	5843	NA	NA	NA	NA	NA	5.2247	0.17	NA	NA	0	0	0	14531769	0	-1	0	NA	NA	NA	NA	1	NA	2014-09-25 00:58:43	2014_268	5
250914	14342	NA	NA	NA	NA	NA	5.1847	0.36	NA	NA	0	0	0	17230763	0	-1	0	NA	NA	NA	NA	1	NA	2014-09-25 01:43:42	2014_268	6
250914	14643	NA	NA	NA	NA	NA	5.1722	0.41	NA	NA	0	0	0	17410951	0	-1	0	NA	NA	NA	NA	1	NA	2014-09-25 01:46:43	2014_268	7
250914	14943	NA	NA	NA	NA	NA	5.1902	0.44	NA	NA	0	0	0	17590964	0	-1	0	NA	NA	NA	NA	1	NA	2014-09-25 01:49:43	2014_268	8
250914	15243	NA	NA	NA	NA	NA	5.2063	0.45	NA	NA	0	0	0	17771320	0	-1	0	NA	NA	NA	NA	1	NA	2014-09-25 01:52:43	2014_268	9
250914	15543	NA	NA	NA	NA	NA	5.1482	0.45	NA	NA	0	0	0	17951469	0	-1	0	NA	NA	NA	NA	1	NA	2014-09-25 01:55:43	2014_268	10
250914	15843	NA	NA	NA	NA	NA	5.1311	0.39	NA	NA	0	0	0	18131627	0	-1	0	NA	NA	NA	NA	1	NA	2014-09-25 01:58:43	2014_268	11
250914	24342	NA	NA	NA	NA	NA	5.1671	0.31	NA	NA	0	0	0	20830833	0	-1	0	NA	NA	NA	NA	1	NA	2014-09-25 02:43:42	2014_268	12
250914	24643	NA	NA	NA	NA	NA	5.2245	0.28	NA	NA	0	0	0	21010992	0	-1	0	NA	NA	NA	NA	1	NA	2014-09-25 02:46:43	2014_268	13
250914	24943	NA	NA	NA	NA	NA	5.2122	0.26	NA	NA	0	0	0	21191318	0	-1	0	NA	NA	NA	NA	1	NA	2014-09-25 02:49:43	2014_268	14
250914	25243	NA	NA	NA	NA	NA	5.1821	0.27	NA	NA	0	0	0	21371527	0	-1	0	NA	NA	NA	NA	1	NA	2014-09-25 02:52:43	2014_268	15
250914	25543	NA	NA	NA	NA	NA	5.2235	0.3	NA	NA	0	0	0	21551868	0	-1	0	NA	NA	NA	NA	1	NA	2014-09-25 02:55:43	2014_268	16
250914	25844	NA	NA	NA	NA	NA	5.1713	0.3	NA	NA	0	0	0	21731945	0	-1	0	NA	NA	NA	NA	1	NA	2014-09-25 02:58:44	2014_268	17
250914	34343	NA	NA	NA	NA	NA	5.1952	0.31	NA	NA	0	0	0	24430919	0	-1	0	NA	NA	NA	NA	1	NA	2014-09-25 03:43:43	2014_268	18
250914	34643	NA	NA	NA	NA	NA	5.1731	0.32	NA	NA	0	0	0	24611132	0	-1	0	NA	NA	NA	NA	1	NA	2014-09-25 03:46:43	2014_268	19
250914	34943	NA	NA	NA	NA	NA	5.1985	0.32	NA	NA	0	0	0	24791442	0	-1	0	NA	NA	NA	NA	1	NA	2014-09-25 03:49:43	2014_268	20
250914	35243	NA	NA	NA	NA	NA	5.1349	0.34	NA	NA	0	0	0	24971616	0	-1	0	NA	NA	NA	NA	1	NA	2014-09-25 03:52:43	2014_268	21
250914	35543	NA	NA	NA	NA	NA	5.2442	0.38	NA	NA	0	0	0	25151892	0	-1	0	NA	NA	NA	NA	1	NA	2014-09-25 03:55:43	2014_268	22
250914	35844	NA	NA	NA	NA	NA	5.1779	0.42	NA	NA	0	0	0	25332260	0	-1	0	NA	NA	NA	NA	1	NA	2014-09-25 03:58:44	2014_268	23
250914	44343	NA	NA	NA	NA	NA	5.2005	0.48	NA	NA	0	0	0	28031011	0	-1	0	NA	NA	NA	NA	1	NA	2014-09-25 04:43:43	2014_268	24
250914	44643	NA	NA	NA	NA	NA	5.1605	0.4	NA	NA	0	0	0	28211268	0	-1	0	NA	NA	NA	NA	1	NA	2014-09-25 04:46:43	2014_268	25
250914	44943	NA	NA	NA	NA	NA	5.1743	0.39	NA	NA	0	0	0	28391467	0	-1	0	NA	NA	NA	NA	1	NA	2014-09-25 04:49:43	2014_268	26
250914	45243	NA	NA	NA	NA	NA	5.1496	0.36	NA	NA	0	0	0	28571655	0	-1	0	NA	NA	NA	NA	1	NA	2014-09-25 04:52:43	2014_268	27
250914	45543	NA	NA	NA	NA	NA	5.1533	0.38	NA	NA	0	0	0	28751796	0	-1	0	NA	NA	NA	NA	1	NA	2014-09-25 04:55:43	2014_268	28
250914	45844	NA	NA	NA	NA	NA	5.1468	0.38	NA	NA	0	0	0	28932014	0	-1	0	NA	NA	NA	NA	1	NA	2014-09-25 04:58:44	2014_268	29
250914	54343	NA	NA	NA	NA	NA	5.1486	0.44	NA	NA	0	0	0	31631266	0	-1	0	NA	NA	NA	NA	1	NA	2014-09-25 05:43:43	2014_268	30
250914	54643	NA	NA	NA	NA	NA	5.1526	0.48	NA	NA	0	0	0	31811201	0	-1	0	NA	NA	NA	NA	1	NA	2014-09-25 05:46:43	2014_268	31
250914	54943	NA	NA	NA	NA	NA	5.2115	0.46	NA	NA	0	0	0	31991486	0	-1	0	NA	NA	NA	NA	1	NA	2014-09-25 05:49:43	2014_268	32
250914	55243	NA	NA	NA	NA	NA	5.1703	0.46	NA	NA	0	0	0	32171704	0	-1	0	NA	NA	NA	NA	1	NA	2014-09-25 05:52:43	2014_268	33
250914	55543	NA	NA	NA	NA	NA	5.1529	0.44	NA	NA	0	0	0	32351797	0	-1	0	NA	NA	NA	NA	1	NA	2014-09-25 05:55:43	2014_268	34
250914	55844	NA	NA	NA	NA	NA	5.1568	0.47	NA	NA	0	0	0	32531984	0	-1	0	NA	NA	NA	NA	1	NA	2014-09-25 05:58:44	2014_268	35
250914	64343	NA	NA	NA	NA	NA	5.1762	0.55	NA	NA	0	0	0	35231265	0	-1	0	NA	NA	NA	NA	1	NA	2014-09-25 06:43:43	2014_268	36
250914	64643	NA	NA	NA	NA	NA	5.1526	0.54	NA	NA	0	0	0	35411419	0	-1	0	NA	NA	NA	NA	1	NA	2014-09-25 06:46:43	2014_268	37
250914	64943	NA	NA	NA	NA	NA	5.148	0.57	NA	NA	0	0	0	35591763	0	-1	0	NA	NA	NA	NA	1	NA	2014-09-25 06:49:43	2014_268	38
250914	65243	NA	NA	NA	NA	NA	5.1652	0.59	NA	NA	0	0	0	35771868	0	-1	0	NA	NA	NA	NA	1	NA	2014-09-25 06:52:43	2014_268	39
250914	65544	NA	NA	NA	NA	NA	5.1442	0.57	NA	NA	0	0	0	35952190	0	-1	0	NA	NA	NA	NA	1	NA	2014-09-25 06:55:44	2014_268	40
250914	65844	NA	NA	NA	NA	NA	5.1726	0.55	NA	NA	0	0	0	36132337	0	-1	0	NA	NA	NA	NA	1	NA	2014-09-25 06:58:44	2014_268	41
250914	74343	NA	NA	NA	NA	NA	5.2326	0.46	NA	NA	0	0	0	38831360	0	-1	0	NA	NA	NA	NA	1	NA	2014-09-25 07:43:43	2014_268	42
250914	74643	NA	NA	NA	NA	NA	5.1723	0.42	NA	NA	0	0	0	39011539	0	-1	0	NA	NA	NA	NA	1	NA	2014-09-25 07:46:43	2014_268	43
250914	74943	NA	NA	NA	NA	NA	5.1804	0.43	NA	NA	0	0	0	39191836	0	-1	0	NA	NA	NA	NA	1	NA	2014-09-25 07:49:43	2014_268	44
250914	75244	NA	NA	NA	NA	NA	5.2058	0.45	NA	NA	0	0	0	39371981	0	-1	0	NA	NA	NA	NA	1	NA	2014-09-25 07:52:44	2014_268	45
250914	75544	NA	NA	NA	NA	NA	5.2197	0.45	NA	NA	0	0	0	39552125	0	-1	0	NA	NA	NA	NA	1	NA	2014-09-25 07:55:44	2014_268	46
250914	75844	NA	NA	NA	NA	NA	5.2032	0.42	NA	NA	0	0	0	39732447	0	-1	0	NA	NA	NA	NA	1	NA	2014-09-25 07:58:44	2014_268	47
250914	84343	NA	NA	NA	NA	NA	5.1718	0.52	NA	NA	0	0	0	42431425	0	-1	0	NA	NA	NA	NA	1	NA	2014-09-25 08:43:43	2014_268	48
250914	84643	NA	NA	NA	NA	NA	5.1653	0.52	NA	NA	0	0	0	42611518	0	-1	0	NA	NA	NA	NA	1	NA	2014-09-25 08:46:43	2014_268	49
250914	84943	NA	NA	NA	NA	NA	5.128	0.49	NA	NA	0	0	0	42791880	0	-1	0	NA	NA	NA	NA	1	NA	2014-09-25 08:49:43	2014_268	50
250914	85244	NA	NA	NA	NA	NA	5.1487	0.48	NA	NA	0	0	0	42972193	0	-1	0	NA	NA	NA	NA	1	NA	2014-09-25 08:52:44	2014_268	51
250914	85544	NA	NA	NA	NA	NA	5.1642	0.48	NA	NA	0	0	0	43152315	0	-1	0	NA	NA	NA	NA	1	NA	2014-09-25 08:55:44	2014_268	52
250914	85844	NA	NA	NA	NA	NA	5.164	0.5	NA	NA	0	0	0	43332381	0	-1	0	NA	NA	NA	NA	1	NA	2014-09-25 08:58:44	2014_268	53
250914	94343	NA	NA	NA	NA	NA	5.1294	0.47	NA	NA	0	0	0	46031623	0	-1	0	NA	NA	NA	NA	1	NA	2014-09-25 09:43:43	2014_268	54
250914	94643	NA	NA	NA	NA	NA	5.1926	0.45	NA	NA	0	0	0	46211640	0	-1	0	NA	NA	NA	NA	1	NA	2014-09-25 09:46:43	2014_268	55
250914	94943	NA	NA	NA	NA	NA	5.1492	0.45	NA	NA	0	0	0	46391761	0	-1	0	NA	NA	NA	NA	1	NA	2014-09-25 09:49:43	2014_268	56
250914	95244	NA	NA	NA	NA	NA	5.1061	0.45	NA	NA	0	0	0	46572129	0	-1	0	NA	NA	NA	NA	1	NA	2014-09-25 09:52:44	2014_268	57
250914	95544	NA	NA	NA	NA	NA	5.1469	0.45	NA	NA	0	0	0	46752510	0	-1	0	NA	NA	NA	NA	1	NA	2014-09-25 09:55:44	2014_268	58
250914	95844	NA	NA	NA	NA	NA	5.1615	0.41	NA	NA	0	0	0	46932632	0	-1	0	NA	NA	NA	NA	1	NA	2014-09-25 09:58:44	2014_268	59
250914	104343	NA	NA	NA	NA	NA	5.1729	0.4	NA	NA	0	0	0	49631705	0	-1	0	NA	NA	NA	NA	1	NA	2014-09-25 10:43:43	2014_268	60
250914	104643	NA	NA	NA	NA	NA	5.1652	0.37	NA	NA	0	0	0	49811626	0	-1	0	NA	NA	NA	NA	1	NA	2014-09-25 10:46:43	2014_268	61
250914	104943	NA	NA	NA	NA	NA	5.1675	0.38	NA	NA	0	0	0	49991903	0	-1	0	NA	NA	NA	NA	1	NA	2014-09-25 10:49:43	2014_268	62
250914	105244	NA	NA	NA	NA	NA	5.1453	0.38	NA	NA	0	0	0	50172011	0	-1	0	NA	NA	NA	NA	1	NA	2014-09-25 10:52:44	2014_268	63
250914	105544	NA	NA	NA	NA	NA	5.1607	0.38	NA	NA	0	0	0	50352375	0	-1	0	NA	NA	NA	NA	1	NA	2014-09-25 10:55:44	2014_268	64
250914	105844	NA	NA	NA	NA	NA	5.145	0.38	NA	NA	0	0	0	50532559	0	-1	0	NA	NA	NA	NA	1	NA	2014-09-25 10:58:44	2014_268	65
250914	114343	NA	NA	NA	NA	NA	5.168	0.41	NA	NA	0	0	0	53231713	0	-1	0	NA	NA	NA	NA	1	NA	2014-09-25 11:43:43	2014_268	66
250914	114643	NA	NA	NA	NA	NA	5.149	0.48	NA	NA	0	0	0	53411893	0	-1	0	NA	NA	NA	NA	1	NA	2014-09-25 11:46:43	2014_268	67
250914	114944	NA	NA	NA	NA	NA	5.2171	0.49	NA	NA	0	0	0	53592024	0	-1	0	NA	NA	NA	NA	1	NA	2014-09-25 11:49:44	2014_268	68
250914	115244	NA	NA	NA	NA	NA	5.1365	0.49	NA	NA	0	0	0	53772350	0	-1	0	NA	NA	NA	NA	1	NA	2014-09-25 11:52:44	2014_268	69
250914	115544	NA	NA	NA	NA	NA	5.1581	0.49	NA	NA	0	0	0	53952497	0	-1	0	NA	NA	NA	NA	1	NA	2014-09-25 11:55:44	2014_268	70
250914	115844	NA	NA	NA	NA	NA	5.1674	0.45	NA	NA	0	0	0	54132616	0	-1	0	NA	NA	NA	NA	1	NA	2014-09-25 11:58:44	2014_268	71
250914	124343	NA	NA	NA	NA	NA	5.1488	0.44	NA	NA	0	0	0	56831714	0	-1	0	NA	NA	NA	NA	1	NA	2014-09-25 12:43:43	2014_268	72
250914	124643	NA	NA	NA	NA	NA	5.1534	0.45	NA	NA	0	0	0	57011842	0	-1	0	NA	NA	NA	NA	1	NA	2014-09-25 12:46:43	2014_268	73
250914	124944	NA	NA	NA	NA	NA	5.1352	0.47	NA	NA	0	0	0	57192110	0	-1	0	NA	NA	NA	NA	1	NA	2014-09-25 12:49:44	2014_268	74
250914	125244	NA	NA	NA	NA	NA	5.1461	0.47	NA	NA	0	0	0	57372229	0	-1	0	NA	NA	NA	NA	1	NA	2014-09-25 12:52:44	2014_268	75
250914	125544	NA	NA	NA	NA	NA	5.1346	0.45	NA	NA	0	0	0	57552615	0	-1	0	NA	NA	NA	NA	1	NA	2014-09-25 12:55:44	2014_268	76
250914	125844	NA	NA	NA	NA	NA	5.1599	0.46	NA	NA	0	0	0	57732752	0	-1	0	NA	NA	NA	NA	1	NA	2014-09-25 12:58:44	2014_268	77
250914	134344	NA	NA	NA	NA	NA	5.1475	0.42	NA	NA	0	0	0	60431957	0	-1	0	NA	NA	NA	NA	1	NA	2014-09-25 13:43:44	2014_268	78
250914	134644	NA	NA	NA	NA	NA	5.1591	0.37	NA	NA	0	0	0	60612120	0	-1	0	NA	NA	NA	NA	1	NA	2014-09-25 13:46:44	2014_268	79
250914	134944	NA	NA	NA	NA	NA	5.1557	0.36	NA	NA	0	0	0	60792257	0	-1	0	NA	NA	NA	NA	1	NA	2014-09-25 13:49:44	2014_268	80
250914	135244	NA	NA	NA	NA	NA	5.1594	0.37	NA	NA	0	0	0	60972563	0	-1	0	NA	NA	NA	NA	1	NA	2014-09-25 13:52:44	2014_268	81
250914	135544	NA	NA	NA	NA	NA	5.1296	0.36	NA	NA	0	0	0	61152734	0	-1	0	NA	NA	NA	NA	1	NA	2014-09-25 13:55:44	2014_268	82
250914	135845	NA	NA	NA	NA	NA	5.1804	0.34	NA	NA	0	0	0	61333021	0	-1	0	NA	NA	NA	NA	1	NA	2014-09-25 13:58:45	2014_268	83
250914	144343	NA	NA	NA	NA	NA	5.1667	0.36	NA	NA	0	0	0	64031867	0	-1	0	NA	NA	NA	NA	1	NA	2014-09-25 14:43:43	2014_268	84
250914	144644	NA	NA	NA	NA	NA	5.1685	0.29	NA	NA	0	0	0	64212174	0	-1	0	NA	NA	NA	NA	1	NA	2014-09-25 14:46:44	2014_268	85
250914	144944	NA	NA	NA	NA	NA	5.1592	0.31	NA	NA	0	0	0	64392304	0	-1	0	NA	NA	NA	NA	1	NA	2014-09-25 14:49:44	2014_268	86
250914	145244	NA	NA	NA	NA	NA	5.1453	0.26	NA	NA	0	0	0	64572685	0	-1	0	NA	NA	NA	NA	1	NA	2014-09-25 14:52:44	2014_268	87
250914	145544	NA	NA	NA	NA	NA	5.1544	0.24	NA	NA	0	0	0	64752824	0	-1	0	NA	NA	NA	NA	1	NA	2014-09-25 14:55:44	2014_268	88
250914	145845	NA	NA	NA	NA	NA	5.1604	0.25	NA	NA	0	0	0	64933132	0	-1	0	NA	NA	NA	NA	1	NA	2014-09-25 14:58:45	2014_268	89
250914	151431	NA	NA	NA	NA	NA	98.8782	0.25	NA	NA	0	0	0	65879901	138	-1	0	NA	NA	NA	NA	1	NA	2014-09-25 15:14:31	2014_268	90
250914	152235	NA	NA	NA	NA	NA	208.6006	6.6	NA	NA	0	0	0	66363329	319	-1	0	NA	NA	NA	NA	1	NA	2014-09-25 15:22:35	2014_268	91
250914	152535	NA	NA	NA	NA	NA	203.5148	11.97	NA	NA	0	0	0	66543432	319	-1	0	NA	NA	NA	NA	1	NA	2014-09-25 15:25:35	2014_268	92
250914	152835	NA	NA	NA	NA	NA	204.1721	11.99	NA	NA	0	0	0	66723696	319	-1	0	NA	NA	NA	NA	1	NA	2014-09-25 15:28:35	2014_268	93
250914	153135	NA	NA	NA	NA	NA	205.2879	11.98	NA	NA	0	0	0	66903820	319	-1	0	NA	NA	NA	NA	1	NA	2014-09-25 15:31:35	2014_268	94
250914	153436	NA	NA	NA	NA	NA	209.4552	11.99	NA	NA	0	0	0	67084173	319	-1	0	NA	NA	NA	NA	1	NA	2014-09-25 15:34:36	2014_268	95
250914	153736	NA	NA	NA	NA	NA	213.2413	11.99	NA	NA	0	0	0	67264271	319	-1	0	NA	NA	NA	NA	1	NA	2014-09-25 15:37:36	2014_268	96
250914	160007	NA	NA	NA	NA	NA	5.2223	0.86	NA	NA	0	0	0	68615511	0	-1	0	NA	NA	NA	NA	1	NA	2014-09-25 16:00:07	2014_268	97
250914	161003	NA	NA	NA	NA	NA	20.8539	6.38	NA	NA	0	0	0	69211033	319	-1	0	NA	NA	NA	NA	1	NA	2014-09-25 16:10:03	2014_268	98
250914	161303	NA	NA	NA	NA	NA	293.5206	11.39	NA	NA	0	0	0	69391279	319	-1	0	NA	NA	NA	NA	1	NA	2014-09-25 16:13:03	2014_268	99
250914	161603	NA	NA	NA	NA	NA	233.6285	11.97	NA	NA	0	0	0	69571435	319	-1	0	NA	NA	NA	NA	1	NA	2014-09-25 16:16:03	2014_268	100
250914	161903	NA	NA	NA	NA	NA	236.4698	11.97	NA	NA	0	0	0	69751737	319	-1	0	NA	NA	NA	NA	1	NA	2014-09-25 16:19:03	2014_268	101
250914	162204	NA	NA	NA	NA	NA	237.1237	11.97	NA	NA	0	0	0	69932026	319	-1	0	NA	NA	NA	NA	1	NA	2014-09-25 16:22:04	2014_268	102
250914	162504	NA	NA	NA	NA	NA	242.0611	11.98	NA	NA	0	0	0	70112129	319	-1	0	NA	NA	NA	NA	1	NA	2014-09-25 16:25:04	2014_268	103
250914	171003	NA	NA	NA	NA	NA	17.2236	6.23	NA	NA	0	0	0	72811097	319	-1	0	NA	NA	NA	NA	1	NA	2014-09-25 17:10:03	2014_268	104
250914	171303	NA	NA	NA	NA	NA	247.3858	11.38	NA	NA	0	0	0	72991219	319	-1	0	NA	NA	NA	NA	1	NA	2014-09-25 17:13:03	2014_268	105
250914	171603	NA	NA	NA	NA	NA	225.6716	11.97	NA	NA	0	0	0	73171519	319	-1	0	NA	NA	NA	NA	1	NA	2014-09-25 17:16:03	2014_268	106
250914	171903	NA	NA	NA	NA	NA	215.4888	11.97	NA	NA	0	0	0	73351757	319	-1	0	NA	NA	NA	NA	1	NA	2014-09-25 17:19:03	2014_268	107
250914	172204	NA	NA	NA	NA	NA	217.2796	11.98	NA	NA	0	0	0	73532093	319	-1	0	NA	NA	NA	NA	1	NA	2014-09-25 17:22:04	2014_268	108
250914	172504	NA	NA	NA	NA	NA	221.2553	11.97	NA	NA	0	0	0	73712374	319	-1	0	NA	NA	NA	NA	1	NA	2014-09-25 17:25:04	2014_268	109
250914	181003	NA	NA	NA	NA	NA	14.4809	6.21	NA	NA	0	0	0	76411395	319	-1	0	NA	NA	NA	NA	1	NA	2014-09-25 18:10:03	2014_268	110
250914	181303	NA	NA	NA	NA	NA	221.991	11.35	NA	NA	0	0	0	76591241	319	-1	0	NA	NA	NA	NA	1	NA	2014-09-25 18:13:03	2014_268	111
250914	181603	NA	NA	NA	NA	NA	219.1918	11.96	NA	NA	0	0	0	76771503	319	-1	0	NA	NA	NA	NA	1	NA	2014-09-25 18:16:03	2014_268	112
250914	184644	NA	NA	NA	NA	NA	5.1981	-1.58	NA	NA	0	0	0	78612496	0	-1	0	NA	NA	NA	NA	96.99	NA	2014-09-25 18:46:44	2014_268	501
250914	184825	NA	NA	NA	NA	NA	5.2043	1.39	NA	NA	0	0	0	78713554	0	-1	0	NA	NA	NA	NA	1	NA	2014-09-25 18:48:25	2014_268	502
250914	185312	NA	NA	NA	NA	NA	25.9536	6.93	NA	NA	0	0	0	79000316	319	-1	0	NA	NA	NA	NA	1	NA	2014-09-25 18:53:12	2014_268	503
250914	185612	NA	NA	NA	NA	NA	210.9897	11.45	NA	NA	0	0	0	79180242	319	-1	0	NA	NA	NA	NA	1	NA	2014-09-25 18:56:12	2014_268	504
250914	185912	NA	NA	NA	NA	NA	209.1893	11.97	NA	NA	0	0	0	79360640	319	-1	0	NA	NA	NA	NA	1	NA	2014-09-25 18:59:12	2014_268	505
250914	190212	NA	NA	NA	NA	NA	218.1613	11.97	NA	NA	0	0	0	79540843	319	-1	0	NA	NA	NA	NA	1	NA	2014-09-25 19:02:12	2014_268	506
250914	190513	NA	NA	NA	NA	NA	213.5337	11.97	NA	NA	0	0	0	79720953	319	-1	0	NA	NA	NA	NA	1	NA	2014-09-25 19:05:13	2014_268	507
250914	190813	NA	NA	NA	NA	NA	211.8319	11.98	NA	NA	0	0	0	79901264	319	-1	0	NA	NA	NA	NA	1	NA	2014-09-25 19:08:13	2014_268	508
250914	195312	NA	NA	NA	NA	NA	13.2973	6.21	NA	NA	0	0	0	82600243	319	-1	0	NA	NA	NA	NA	1	NA	2014-09-25 19:53:12	2014_268	509
250914	195612	NA	NA	NA	NA	NA	239.3618	11.32	NA	NA	0	0	0	82780597	319	-1	0	NA	NA	NA	NA	1	NA	2014-09-25 19:56:12	2014_268	5010
250914	195912	NA	NA	NA	NA	NA	233.2475	11.96	NA	NA	0	0	0	82960615	319	-1	0	NA	NA	NA	NA	1	NA	2014-09-25 19:59:12	2014_268	5011
250914	200212	NA	NA	NA	NA	NA	215.6547	11.97	NA	NA	0	0	0	83140869	319	-1	0	NA	NA	NA	NA	1	NA	2014-09-25 20:02:12	2014_268	5012
250914	200513	NA	NA	NA	NA	NA	218.9117	11.97	NA	NA	0	0	0	83321039	319	-1	0	NA	NA	NA	NA	1	NA	2014-09-25 20:05:13	2014_268	5013
250914	200813	NA	NA	NA	NA	NA	218.0699	11.97	NA	NA	0	0	0	83501207	319	-1	0	NA	NA	NA	NA	1	NA	2014-09-25 20:08:13	2014_268	5014
250914	205312	NA	NA	NA	NA	NA	18.3674	6.21	NA	NA	0	0	0	86200421	319	-1	0	NA	NA	NA	NA	1	NA	2014-09-25 20:53:12	2014_268	5015
250914	205612	NA	NA	NA	NA	NA	215.6483	11.3	NA	NA	0	0	0	86380637	319	-1	0	NA	NA	NA	NA	1	NA	2014-09-25 20:56:12	2014_268	5016
250914	205912	NA	NA	NA	NA	NA	209.9169	11.96	NA	NA	0	0	0	86560902	319	-1	0	NA	NA	NA	NA	1	NA	2014-09-25 20:59:12	2014_268	5017
250914	210213	NA	NA	NA	NA	NA	218.3898	11.96	NA	NA	0	0	0	86741214	319	-1	0	NA	NA	NA	NA	1	NA	2014-09-25 21:02:13	2014_268	5018
250914	210513	NA	NA	NA	NA	NA	226.183	11.97	NA	NA	0	0	0	86921413	319	-1	0	NA	NA	NA	NA	1	NA	2014-09-25 21:05:13	2014_268	5019
250914	210813	NA	NA	NA	NA	NA	212.6149	11.96	NA	NA	0	0	0	87101526	319	-1	0	NA	NA	NA	NA	1	NA	2014-09-25 21:08:13	2014_268	5020
250914	213954	NA	NA	NA	NA	NA	152.7467	4.51	NA	NA	0	0	0	89002335	319	-1	0	NA	NA	NA	NA	1	NA	2014-09-25 21:39:54	2014_268	5021
250914	214055	NA	NA	NA	NA	NA	18.8795	5.97	NA	NA	0	0	0	89063859	319	-1	0	NA	NA	NA	NA	1	NA	2014-09-25 21:40:55	2014_268	5022
250914	214356	NA	NA	NA	NA	NA	197.812	11.43	NA	NA	0	0	0	89244036	319	-1	0	NA	NA	NA	NA	1	NA	2014-09-25 21:43:56	2014_268	5023
250914	214656	NA	NA	NA	NA	NA	216.6779	11.97	NA	NA	0	0	0	89424139	319	-1	0	NA	NA	NA	NA	1	NA	2014-09-25 21:46:56	2014_268	5024
250914	214956	NA	NA	NA	NA	NA	207.0268	11.96	NA	NA	0	0	0	89604423	319	-1	0	NA	NA	NA	NA	1	NA	2014-09-25 21:49:56	2014_268	5025
250914	215256	NA	NA	NA	NA	NA	205.8275	11.95	NA	NA	0	0	0	89784703	319	-1	0	NA	NA	NA	NA	1	NA	2014-09-25 21:52:56	2014_268	5026
250914	215557	NA	NA	NA	NA	NA	212.0314	11.96	NA	NA	0	0	0	89964935	319	-1	0	NA	NA	NA	NA	1	NA	2014-09-25 21:55:57	2014_268	5027
250914	224055	NA	NA	NA	NA	NA	11.5968	6.21	NA	NA	0	0	0	92663814	319	-1	0	NA	NA	NA	NA	1	NA	2014-09-25 22:40:55	2014_268	5028
250914	224355	NA	NA	NA	NA	NA	203.3536	11.34	NA	NA	0	0	0	92843894	319	-1	0	NA	NA	NA	NA	1	NA	2014-09-25 22:43:55	2014_268	5029
250914	224656	NA	NA	NA	NA	NA	212.8803	11.97	NA	NA	0	0	0	93024205	319	-1	0	NA	NA	NA	NA	1	NA	2014-09-25 22:46:56	2014_268	5030
250914	224956	NA	NA	NA	NA	NA	209.4942	11.97	NA	NA	0	0	0	93204335	319	-1	0	NA	NA	NA	NA	1	NA	2014-09-25 22:49:56	2014_268	5031
250914	225256	NA	NA	NA	NA	NA	203.4172	11.97	NA	NA	0	0	0	93384546	319	-1	0	NA	NA	NA	NA	1	NA	2014-09-25 22:52:56	2014_268	5032
250914	225556	NA	NA	NA	NA	NA	206.5331	11.98	NA	NA	0	0	0	93564747	319	-1	0	NA	NA	NA	NA	1	NA	2014-09-25 22:55:56	2014_268	5033
250914	230548	NA	NA	NA	NA	NA	89.7825	6.52	NA	NA	0	0	0	94156372	319	-1	0	NA	NA	NA	NA	1	NA	2014-09-25 23:05:48	2014_268	5034
250914	234949	NA	NA	NA	NA	NA	11.7154	6.06	NA	NA	0	0	0	96797578	319	-1	0	NA	NA	NA	NA	1	NA	2014-09-25 23:49:49	2014_268	5035
250914	235249	NA	NA	NA	NA	NA	204.7531	11.28	NA	NA	0	0	0	96977876	319	-1	0	NA	NA	NA	NA	1	NA	2014-09-25 23:52:49	2014_268	5036
250914	235549	NA	NA	NA	NA	NA	203.6934	11.96	NA	NA	0	0	0	97157842	319	-1	0	NA	NA	NA	NA	1	NA	2014-09-25 23:55:49	2014_268	5037
250914	235850	NA	NA	NA	NA	NA	211.0622	11.96	NA	NA	0	0	0	97338100	319	-1	0	NA	NA	NA	NA	1	NA	2014-09-25 23:58:50	2014_268	5038
